object={
	name="african_lighthouse_01"
	clamp_to_water_level=no
	render_under_water=no
	generated_content=no
	layer="static"
	entity="african_lighthouse_01_entity"
	count=0
}
object={
	name="arabic_lighthouse_01"
	clamp_to_water_level=no
	render_under_water=no
	generated_content=no
	layer="static"
	entity="arabic_lighthouse_01_entity"
	count=0
}
object={
	name="asian_lighthouse_01"
	clamp_to_water_level=no
	render_under_water=no
	generated_content=no
	layer="static"
	entity="asian_lighthouse_01_entity"
	count=0
}
object={
	name="bird_duck_01"
	clamp_to_water_level=yes
	render_under_water=no
	generated_content=no
	layer="environmental_effects"
	entity="duck_01_frame_entity"
	count=0
}
object={
	name="bird_eagle_01"
	clamp_to_water_level=yes
	render_under_water=no
	generated_content=no
	layer="environmental_effects"
	entity="eagle_01_frame_entity"
	count=0
}
object={
	name="bird_vulture_01"
	clamp_to_water_level=yes
	render_under_water=no
	generated_content=no
	layer="environmental_effects"
	entity="vulture_01_frame_entity"
	count=159
	transform="1518.299805 0.000000 2301.819580 0.000000 0.000000 0.000000 1.000000 1.000000 1.000000 1.000000
1515.658691 0.000000 2259.196533 0.000000 0.000000 0.000000 1.000000 1.000000 1.000000 1.000000
1477.058716 0.000000 2283.375488 0.000000 0.000000 0.000000 1.000000 1.000000 1.000000 1.000000
1441.688232 0.000000 2384.015625 0.000000 0.000000 0.000000 1.000000 1.000000 1.000000 1.000000
1425.277100 0.000000 2366.267822 0.000000 0.000000 0.000000 1.000000 1.000000 1.000000 1.000000
1412.499390 0.000000 2402.006836 0.000000 0.000000 0.000000 1.000000 1.000000 1.000000 1.000000
1581.325195 0.000000 2349.019775 0.000000 0.000000 0.000000 1.000000 1.000000 1.000000 1.000000
1598.141235 0.000000 2394.473145 0.000000 0.000000 0.000000 1.000000 1.000000 1.000000 1.000000
1649.144287 0.000000 2216.045898 0.000000 0.000000 0.000000 1.000000 1.000000 1.000000 1.000000
1558.562012 0.000000 2353.979980 0.000000 0.000000 0.000000 1.000000 1.000000 1.000000 1.000000
1566.684937 0.000000 2372.334473 0.000000 0.000000 0.000000 1.000000 1.000000 1.000000 1.000000
7032.037598 0.000000 823.692627 0.000000 0.000000 0.000000 1.000000 1.000000 1.000000 1.000000
6952.848145 0.000000 787.116821 0.000000 0.000000 0.000000 1.000000 1.000000 1.000000 1.000000
7092.613281 0.000000 863.170044 0.000000 0.000000 0.000000 1.000000 1.000000 1.000000 1.000000
6997.704590 0.000000 882.465942 0.000000 0.000000 0.000000 1.000000 1.000000 1.000000 1.000000
7153.095703 0.000000 827.856201 0.000000 0.000000 0.000000 1.000000 1.000000 1.000000 1.000000
7221.769043 0.000000 964.617493 0.000000 0.000000 0.000000 1.000000 1.000000 1.000000 1.000000
7177.135254 0.000000 1070.485596 0.000000 0.000000 0.000000 1.000000 1.000000 1.000000 1.000000
7305.780762 0.000000 963.653076 0.000000 0.000000 0.000000 1.000000 1.000000 1.000000 1.000000
7303.481934 0.000000 748.915405 0.000000 0.000000 0.000000 1.000000 1.000000 1.000000 1.000000
7329.584473 0.000000 791.183960 0.000000 0.000000 0.000000 1.000000 1.000000 1.000000 1.000000
6825.237305 0.000000 855.582458 0.000000 0.000000 0.000000 1.000000 1.000000 1.000000 1.000000
7354.988281 0.000000 714.648743 0.000000 0.000000 0.000000 1.000000 1.000000 1.000000 1.000000
7428.815918 0.000000 766.650208 0.000000 0.000000 0.000000 1.000000 1.000000 1.000000 1.000000
7477.304688 0.000000 874.971069 0.000000 0.000000 0.000000 1.000000 1.000000 1.000000 1.000000
7398.693848 0.000000 1012.286377 0.000000 0.000000 0.000000 1.000000 1.000000 1.000000 1.000000
7172.347656 0.000000 1075.589355 0.000000 0.000000 0.000000 1.000000 1.000000 1.000000 1.000000
2556.205566 0.000000 545.933533 0.000000 0.000000 0.000000 1.000000 1.000000 1.000000 1.000000
2489.378174 0.000000 360.651306 0.000000 0.000000 0.000000 1.000000 1.000000 1.000000 1.000000
2546.580322 0.000000 1045.195312 0.000000 0.000000 0.000000 1.000000 1.000000 1.000000 1.000000
2461.814697 0.000000 1154.701416 0.000000 0.000000 0.000000 1.000000 1.000000 1.000000 1.000000
2264.968018 0.000000 1394.838013 0.000000 0.000000 0.000000 1.000000 1.000000 1.000000 1.000000
1728.119995 0.000000 2280.437500 0.000000 0.000000 0.000000 1.000000 1.000000 1.000000 1.000000
2506.051514 0.000000 900.295288 0.000000 0.000000 0.000000 1.000000 1.000000 1.000000 1.000000
2549.397705 0.000000 934.080200 0.000000 0.000000 0.000000 1.000000 1.000000 1.000000 1.000000
2504.714111 0.000000 958.633789 0.000000 0.000000 0.000000 1.000000 1.000000 1.000000 1.000000
2562.025391 0.000000 756.924438 0.000000 0.000000 0.000000 1.000000 1.000000 1.000000 1.000000
2535.908691 0.000000 791.740295 0.000000 0.000000 0.000000 1.000000 1.000000 1.000000 1.000000
2497.381836 0.000000 507.122650 0.000000 0.000000 0.000000 1.000000 1.000000 1.000000 1.000000
2480.766846 0.000000 457.045898 0.000000 0.000000 0.000000 1.000000 1.000000 1.000000 1.000000
2527.773682 0.000000 427.607056 0.000000 0.000000 0.000000 1.000000 1.000000 1.000000 1.000000
2467.712402 0.000000 331.872894 0.000000 0.000000 0.000000 1.000000 1.000000 1.000000 1.000000
2480.418701 0.000000 350.880554 0.000000 0.000000 0.000000 1.000000 1.000000 1.000000 1.000000
3930.088867 0.000000 1944.506836 0.000000 0.000000 0.000000 1.000000 1.000000 1.000000 1.000000
3916.058594 0.000000 2036.156128 0.000000 0.000000 0.000000 1.000000 1.000000 1.000000 1.000000
3934.963623 0.000000 2018.123413 0.000000 0.000000 0.000000 1.000000 1.000000 1.000000 1.000000
4144.795410 0.000000 2146.297852 0.000000 0.000000 0.000000 1.000000 1.000000 1.000000 1.000000
4123.521484 0.000000 2092.108398 0.000000 0.000000 0.000000 1.000000 1.000000 1.000000 1.000000
4038.812500 0.000000 2146.922852 0.000000 0.000000 0.000000 1.000000 1.000000 1.000000 1.000000
4027.601074 0.000000 2133.915039 0.000000 0.000000 0.000000 1.000000 1.000000 1.000000 1.000000
4131.846680 0.000000 2149.008545 0.000000 0.000000 0.000000 1.000000 1.000000 1.000000 1.000000
4056.672852 0.000000 2247.814697 0.000000 0.000000 0.000000 1.000000 1.000000 1.000000 1.000000
4036.133789 0.000000 2224.717041 0.000000 0.000000 0.000000 1.000000 1.000000 1.000000 1.000000
4126.480957 0.000000 2241.648438 0.000000 0.000000 0.000000 1.000000 1.000000 1.000000 1.000000
4121.336426 0.000000 2242.518066 0.000000 0.000000 0.000000 1.000000 1.000000 1.000000 1.000000
4185.141602 0.000000 2290.368652 0.000000 0.000000 0.000000 1.000000 1.000000 1.000000 1.000000
4177.129883 0.000000 2278.733887 0.000000 0.000000 0.000000 1.000000 1.000000 1.000000 1.000000
4244.073242 0.000000 2194.926270 0.000000 0.000000 0.000000 1.000000 1.000000 1.000000 1.000000
4246.686523 0.000000 2191.340576 0.000000 0.000000 0.000000 1.000000 1.000000 1.000000 1.000000
4313.772461 0.000000 2156.216797 0.000000 0.000000 0.000000 1.000000 1.000000 1.000000 1.000000
4348.032227 0.000000 2152.702881 0.000000 0.000000 0.000000 1.000000 1.000000 1.000000 1.000000
4353.115234 0.000000 2241.635010 0.000000 0.000000 0.000000 1.000000 1.000000 1.000000 1.000000
4352.266113 0.000000 2239.679932 0.000000 0.000000 0.000000 1.000000 1.000000 1.000000 1.000000
4432.758301 0.000000 2192.386230 0.000000 0.000000 0.000000 1.000000 1.000000 1.000000 1.000000
4493.475586 0.000000 2132.223633 0.000000 0.000000 0.000000 1.000000 1.000000 1.000000 1.000000
4465.871582 0.000000 1881.109009 0.000000 0.000000 0.000000 1.000000 1.000000 1.000000 1.000000
4532.004395 0.000000 1948.708740 0.000000 0.000000 0.000000 1.000000 1.000000 1.000000 1.000000
4546.698730 0.000000 1846.755371 0.000000 0.000000 0.000000 1.000000 1.000000 1.000000 1.000000
4607.080078 0.000000 2050.683594 0.000000 0.000000 0.000000 1.000000 1.000000 1.000000 1.000000
4617.929688 0.000000 2145.223877 0.000000 0.000000 0.000000 1.000000 1.000000 1.000000 1.000000
4725.523438 0.000000 1825.949219 0.000000 0.000000 0.000000 1.000000 1.000000 1.000000 1.000000
4876.175293 0.000000 2001.681030 0.000000 0.000000 0.000000 1.000000 1.000000 1.000000 1.000000
4753.454102 0.000000 2185.557617 0.000000 0.000000 0.000000 1.000000 1.000000 1.000000 1.000000
4846.663574 0.000000 1852.072632 0.000000 0.000000 0.000000 1.000000 1.000000 1.000000 1.000000
4791.846680 0.000000 1866.049072 0.000000 0.000000 0.000000 1.000000 1.000000 1.000000 1.000000
4493.008789 0.000000 1868.847046 0.000000 0.000000 0.000000 1.000000 1.000000 1.000000 1.000000
4074.050781 0.000000 2004.516479 0.000000 0.000000 0.000000 1.000000 1.000000 1.000000 1.000000
4176.078125 0.000000 1997.369263 0.000000 0.000000 0.000000 1.000000 1.000000 1.000000 1.000000
4340.613770 0.000000 1991.270508 0.000000 0.000000 0.000000 1.000000 1.000000 1.000000 1.000000
4325.907715 0.000000 1876.287109 0.000000 0.000000 0.000000 1.000000 1.000000 1.000000 1.000000
4345.748535 0.000000 1863.356934 0.000000 0.000000 0.000000 1.000000 1.000000 1.000000 1.000000
4380.882324 0.000000 1886.041870 0.000000 0.000000 0.000000 1.000000 1.000000 1.000000 1.000000
4414.629395 0.000000 1919.032593 0.000000 0.000000 0.000000 1.000000 1.000000 1.000000 1.000000
4786.635742 0.000000 2202.859619 0.000000 0.000000 0.000000 1.000000 1.000000 1.000000 1.000000
4790.385742 0.000000 2110.260742 0.000000 0.000000 0.000000 1.000000 1.000000 1.000000 1.000000
4819.288086 0.000000 2082.235840 0.000000 0.000000 0.000000 1.000000 1.000000 1.000000 1.000000
4776.967773 0.000000 2141.093262 0.000000 0.000000 0.000000 1.000000 1.000000 1.000000 1.000000
4847.886719 0.000000 2149.021973 0.000000 0.000000 0.000000 1.000000 1.000000 1.000000 1.000000
4833.624023 0.000000 2004.345215 0.000000 0.000000 0.000000 1.000000 1.000000 1.000000 1.000000
4921.964844 0.000000 1916.450928 0.000000 0.000000 0.000000 1.000000 1.000000 1.000000 1.000000
5068.223145 0.000000 1620.302856 0.000000 0.000000 0.000000 1.000000 1.000000 1.000000 1.000000
5043.908203 0.000000 1759.034302 0.000000 0.000000 0.000000 1.000000 1.000000 1.000000 1.000000
5212.430664 0.000000 1715.968750 0.000000 0.000000 0.000000 1.000000 1.000000 1.000000 1.000000
5176.811035 0.000000 1968.926880 0.000000 0.000000 0.000000 1.000000 1.000000 1.000000 1.000000
5093.912109 0.000000 2055.155762 0.000000 0.000000 0.000000 1.000000 1.000000 1.000000 1.000000
5220.161621 0.000000 2048.015381 0.000000 0.000000 0.000000 1.000000 1.000000 1.000000 1.000000
5073.885254 0.000000 2074.076172 0.000000 0.000000 0.000000 1.000000 1.000000 1.000000 1.000000
5204.160645 0.000000 2101.952637 0.000000 0.000000 0.000000 1.000000 1.000000 1.000000 1.000000
5125.739258 0.000000 2200.084961 0.000000 0.000000 0.000000 1.000000 1.000000 1.000000 1.000000
5002.007812 0.000000 2298.914307 0.000000 0.000000 0.000000 1.000000 1.000000 1.000000 1.000000
5076.471191 0.000000 2252.500488 0.000000 0.000000 0.000000 1.000000 1.000000 1.000000 1.000000
5239.180664 0.000000 2059.996826 0.000000 0.000000 0.000000 1.000000 1.000000 1.000000 1.000000
5276.253418 0.000000 1948.839355 0.000000 0.000000 0.000000 1.000000 1.000000 1.000000 1.000000
5363.438477 0.000000 1955.365234 0.000000 0.000000 0.000000 1.000000 1.000000 1.000000 1.000000
5374.558594 0.000000 2025.370361 0.000000 0.000000 0.000000 1.000000 1.000000 1.000000 1.000000
5415.080566 0.000000 2004.428711 0.000000 0.000000 0.000000 1.000000 1.000000 1.000000 1.000000
5358.121582 0.000000 2037.762573 0.000000 0.000000 0.000000 1.000000 1.000000 1.000000 1.000000
5260.279297 0.000000 2017.625610 0.000000 0.000000 0.000000 1.000000 1.000000 1.000000 1.000000
6924.420898 0.000000 1021.782959 0.000000 0.000000 0.000000 1.000000 1.000000 1.000000 1.000000
6880.936035 0.000000 962.155396 0.000000 0.000000 0.000000 1.000000 1.000000 1.000000 1.000000
5367.192383 0.000000 2323.550049 0.000000 0.000000 0.000000 1.000000 1.000000 1.000000 1.000000
5420.949219 0.000000 2243.807617 0.000000 0.000000 0.000000 1.000000 1.000000 1.000000 1.000000
5513.001953 0.000000 2240.716797 0.000000 0.000000 0.000000 1.000000 1.000000 1.000000 1.000000
5499.335938 0.000000 2478.329346 0.000000 0.000000 0.000000 1.000000 1.000000 1.000000 1.000000
5470.762695 0.000000 2431.364502 0.000000 0.000000 0.000000 1.000000 1.000000 1.000000 1.000000
5535.220703 0.000000 2534.451416 0.000000 0.000000 0.000000 1.000000 1.000000 1.000000 1.000000
5542.251953 0.000000 2486.641113 0.000000 0.000000 0.000000 1.000000 1.000000 1.000000 1.000000
5572.829590 0.000000 2564.102295 0.000000 0.000000 0.000000 1.000000 1.000000 1.000000 1.000000
5338.112305 0.000000 2536.582520 0.000000 0.000000 0.000000 1.000000 1.000000 1.000000 1.000000
5336.669434 0.000000 2464.431152 0.000000 0.000000 0.000000 1.000000 1.000000 1.000000 1.000000
5528.352051 0.000000 2237.751953 0.000000 0.000000 0.000000 1.000000 1.000000 1.000000 1.000000
5913.716797 0.000000 2430.263184 0.000000 0.000000 0.000000 1.000000 1.000000 1.000000 1.000000
5978.435547 0.000000 2412.652832 0.000000 0.000000 0.000000 1.000000 1.000000 1.000000 1.000000
5992.136719 0.000000 2471.656250 0.000000 0.000000 0.000000 1.000000 1.000000 1.000000 1.000000
6179.513184 0.000000 2482.112061 0.000000 0.000000 0.000000 1.000000 1.000000 1.000000 1.000000
6099.833496 0.000000 2625.402100 0.000000 0.000000 0.000000 1.000000 1.000000 1.000000 1.000000
5380.654785 0.000000 2668.246338 0.000000 0.000000 0.000000 1.000000 1.000000 1.000000 1.000000
5665.389648 0.000000 2621.519775 0.000000 0.000000 0.000000 1.000000 1.000000 1.000000 1.000000
4574.124512 0.000000 823.454468 0.000000 0.000000 0.000000 1.000000 1.000000 1.000000 1.000000
4536.335938 0.000000 899.662598 0.000000 0.000000 0.000000 1.000000 1.000000 1.000000 1.000000
4682.165527 0.000000 888.096069 0.000000 0.000000 0.000000 1.000000 1.000000 1.000000 1.000000
4708.264160 0.000000 866.138855 0.000000 0.000000 0.000000 1.000000 1.000000 1.000000 1.000000
4528.555664 0.000000 968.692871 0.000000 0.000000 0.000000 1.000000 1.000000 1.000000 1.000000
4622.201172 0.000000 893.865479 0.000000 0.000000 0.000000 1.000000 1.000000 1.000000 1.000000
4588.084473 0.000000 771.601135 0.000000 0.000000 0.000000 1.000000 1.000000 1.000000 1.000000
4518.359375 0.000000 778.311768 0.000000 0.000000 0.000000 1.000000 1.000000 1.000000 1.000000
4637.172363 0.000000 778.689026 0.000000 0.000000 0.000000 1.000000 1.000000 1.000000 1.000000
4459.032715 0.000000 912.322693 0.000000 0.000000 0.000000 1.000000 1.000000 1.000000 1.000000
4470.587402 0.000000 870.371338 0.000000 0.000000 0.000000 1.000000 1.000000 1.000000 1.000000
4434.755371 0.000000 1033.746216 0.000000 0.000000 0.000000 1.000000 1.000000 1.000000 1.000000
4506.485840 0.000000 803.351562 0.000000 0.000000 0.000000 1.000000 1.000000 1.000000 1.000000
4377.412109 0.000000 1124.264893 0.000000 0.000000 0.000000 1.000000 1.000000 1.000000 1.000000
5097.812500 0.000000 1646.523804 0.000000 0.000000 0.000000 1.000000 1.000000 1.000000 1.000000
4983.399902 0.000000 1536.343506 0.000000 0.000000 0.000000 1.000000 1.000000 1.000000 1.000000
5583.527832 0.000000 2685.047363 0.000000 0.000000 0.000000 1.000000 1.000000 1.000000 1.000000
6014.664062 0.000000 2497.953613 0.000000 0.000000 0.000000 1.000000 1.000000 1.000000 1.000000
6384.166016 0.000000 2469.577148 0.000000 0.000000 0.000000 1.000000 1.000000 1.000000 1.000000
6582.212891 0.000000 2560.982178 0.000000 0.000000 0.000000 1.000000 1.000000 1.000000 1.000000
6233.318848 0.000000 2706.573486 0.000000 0.000000 0.000000 1.000000 1.000000 1.000000 1.000000
6056.331543 0.000000 2619.166992 0.000000 0.000000 0.000000 1.000000 1.000000 1.000000 1.000000
6049.692383 0.000000 2613.070312 0.000000 0.000000 0.000000 1.000000 1.000000 1.000000 1.000000
1717.276245 0.000000 2106.055664 0.000000 0.000000 0.000000 1.000000 1.000000 1.000000 1.000000
5757.302734 0.000000 2626.239990 0.000000 0.000000 0.000000 1.000000 1.000000 1.000000 1.000000
6541.272949 0.000000 2462.449951 0.000000 0.000000 0.000000 1.000000 1.000000 1.000000 1.000000
6864.152344 0.000000 2639.069092 0.000000 0.000000 0.000000 1.000000 1.000000 1.000000 1.000000
6897.379395 0.000000 2641.719238 0.000000 0.000000 0.000000 1.000000 1.000000 1.000000 1.000000
6784.413574 0.000000 2735.649414 0.000000 0.000000 0.000000 1.000000 1.000000 1.000000 1.000000
6775.711914 0.000000 2472.634277 0.000000 0.000000 0.000000 1.000000 1.000000 1.000000 1.000000
6513.546387 0.000000 2372.438721 0.000000 0.000000 0.000000 1.000000 1.000000 1.000000 1.000000
"}
object={
	name="canyon_01"
	clamp_to_water_level=no
	render_under_water=no
	generated_content=no
	layer="massive_environment"
	pdxmesh="cliff_canyon_01_mesh"
	count=1
	transform="3527.229004 0.000000 1344.925781 0.000000 0.033807 0.000000 0.999428 0.949302 0.949302 0.949302
"}
object={
	name="canyon_02"
	clamp_to_water_level=no
	render_under_water=no
	generated_content=no
	layer="massive_environment"
	pdxmesh="cliff_canyon_02_mesh"
	count=2
	transform="3477.326660 0.000000 1291.382690 0.000000 0.000000 0.000000 1.000000 1.000000 1.000000 1.000000
3438.310059 0.000000 1318.743286 0.000000 0.995170 0.000000 -0.098171 1.000000 1.000000 1.000000
"}
object={
	name="canyon_03"
	clamp_to_water_level=no
	render_under_water=no
	generated_content=no
	layer="massive_environment"
	pdxmesh="cliff_canyon_03_mesh"
	count=2
	transform="3441.220459 0.000000 1339.461060 0.000000 0.000000 0.000000 1.000000 1.000000 1.000000 1.000000
3499.882080 0.000000 1373.364624 0.000000 -0.337695 0.000000 0.941256 0.724829 0.724829 0.724829
"}
object={
	name="canyon_04"
	clamp_to_water_level=no
	render_under_water=no
	generated_content=no
	layer="massive_environment"
	pdxmesh="cliff_canyon_04_mesh"
	count=1
	transform="3472.220703 0.000000 1457.117798 0.000000 -0.792721 0.000000 -0.609585 0.700942 0.700942 0.700942
"}
object={
	name="canyon_05"
	clamp_to_water_level=no
	render_under_water=no
	generated_content=no
	layer="massive_environment"
	pdxmesh="cliff_canyon_05_mesh"
	count=3
	transform="3705.260498 0.000000 1464.523804 0.000000 0.943962 0.000000 0.330054 0.735400 0.735400 0.735400
3688.561768 0.000000 1459.784790 0.000000 0.396639 0.000000 0.917975 0.735400 0.735400 0.735400
3593.214111 0.000000 1353.617798 0.000000 -0.992615 0.000000 0.121309 0.803735 0.803735 0.803735
"}
object={
	name="canyon_06"
	clamp_to_water_level=no
	render_under_water=no
	generated_content=no
	layer="massive_environment"
	pdxmesh="cliff_canyon_06_mesh"
	count=1
	transform="3545.906494 0.000000 1423.727417 0.000000 0.000000 0.000000 1.000000 1.000000 1.000000 1.000000
"}
object={
	name="canyon_07"
	clamp_to_water_level=no
	render_under_water=no
	generated_content=no
	layer="massive_environment"
	pdxmesh="cliff_canyon_07_mesh"
	count=6
	transform="4935.645020 0.000000 2182.288086 0.000000 -0.881587 0.000000 -0.472021 0.699351 0.699351 0.699351
4931.200195 0.000000 2189.681152 0.000000 -0.971988 0.000000 -0.235029 1.000000 1.000000 1.000000
4931.493652 0.000000 2195.827881 0.000000 0.992873 0.000000 0.119175 0.760010 0.760010 0.760010
3661.707764 0.000000 1413.060181 0.000000 0.754878 0.000000 0.655865 0.825462 0.825462 0.825462
3664.507324 0.000000 1427.256226 0.000000 0.939029 0.000000 -0.343839 0.808341 0.808341 0.808341
3682.293213 0.000000 1401.917603 0.000000 0.000000 0.000000 1.000000 0.939429 0.939429 0.939429
"}
object={
	name="canyon_08"
	clamp_to_water_level=no
	render_under_water=no
	generated_content=no
	layer="massive_environment"
	pdxmesh="cliff_canyon_08_mesh"
	count=7
	transform="3491.803223 0.000000 2175.037842 0.000000 -0.991250 0.000000 -0.132003 0.899339 0.899339 0.899339
3495.653564 0.000000 2174.907715 0.000000 0.338752 0.000000 -0.940876 1.000000 1.000000 1.000000
4929.062012 0.000000 2188.973389 0.000000 -0.988739 0.000000 -0.149648 1.000000 1.000000 1.000000
3543.549072 0.000000 1423.478638 0.000000 0.000000 0.000000 1.000000 1.000000 1.000000 1.000000
3684.896484 0.000000 1462.002563 0.000000 0.263087 0.000000 0.964772 1.000000 1.000000 1.000000
3685.875000 0.000000 1403.379272 0.000000 -0.954917 0.000000 0.296874 1.000000 1.000000 1.000000
3666.541260 0.000000 1417.493042 0.000000 0.251719 0.000000 0.967800 1.118716 1.118716 1.118716
"}
object={
	name="canyon_09"
	clamp_to_water_level=no
	render_under_water=no
	generated_content=no
	layer="massive_environment"
	pdxmesh="cliff_canyon_09_mesh"
	count=2
	transform="3493.926025 0.000000 2177.385498 0.000000 -0.904840 0.000000 -0.425752 0.448685 0.448685 0.448685
4930.404297 0.000000 2183.838379 0.000000 -0.285188 0.000000 0.958472 0.517505 0.517505 0.517505
"}
object={
	name="canyon_10"
	clamp_to_water_level=no
	render_under_water=no
	generated_content=no
	layer="massive_environment"
	pdxmesh="cliff_canyon_10_mesh"
	count=6
	transform="3496.607910 0.000000 2175.476807 0.000000 -0.054194 0.000000 -0.998530 0.502905 0.502905 0.502905
3495.530273 0.000000 2180.093994 0.000000 -0.464088 0.000000 0.885789 0.502905 0.502905 0.502905
3597.814209 0.000000 1370.512329 0.000000 0.000000 0.000000 1.000000 1.000000 1.000000 1.000000
3706.034424 0.000000 1460.485474 0.000000 0.126400 0.000000 0.991979 0.583838 0.583838 0.583838
3652.237061 0.000000 1409.203247 0.000000 0.266824 0.000000 0.963745 0.872240 0.872240 0.872240
3665.560303 0.000000 1409.709106 0.000000 0.560687 0.000000 0.828028 1.000000 1.000000 1.000000
"}
object={
	name="canyon_11"
	clamp_to_water_level=no
	render_under_water=no
	generated_content=no
	layer="massive_environment"
	pdxmesh="cliff_canyon_11_mesh"
	count=1
	transform="3642.677490 0.000000 1358.534058 0.000000 -0.934341 0.000000 0.356380 1.000000 1.000000 1.000000
"}
object={
	name="canyon_12"
	clamp_to_water_level=no
	render_under_water=no
	generated_content=no
	layer="massive_environment"
	pdxmesh="cliff_canyon_12_mesh"
	count=5
	transform="4932.267578 0.000000 2180.709961 0.000000 -0.999727 0.000000 -0.023379 0.537848 0.537848 0.537848
3583.618896 0.000000 1430.884155 0.000000 -0.307482 0.000000 0.951554 0.731104 0.731104 0.731104
3658.165039 0.000000 1409.842896 0.000000 0.964347 0.000000 0.264642 0.682682 0.682682 0.682682
3659.222412 0.000000 1408.399048 0.000000 0.964347 0.000000 0.264642 0.682682 0.682682 0.682682
3681.442627 0.000000 1411.065796 0.000000 0.978210 0.000000 -0.207620 1.020386 1.020386 1.020386
"}
object={
	name="canyon_13"
	clamp_to_water_level=no
	render_under_water=no
	generated_content=no
	layer="massive_environment"
	pdxmesh="cliff_canyon_13_mesh"
	count=8
	transform="3657.406494 0.000000 1408.284790 0.000000 0.996487 0.000000 0.083744 0.792041 0.792041 0.792041
3653.682617 0.000000 1407.977661 0.000000 0.000000 0.000000 1.000000 0.792041 0.792041 0.792041
3661.677979 0.000000 1417.783081 0.000000 -0.281630 0.000000 0.959523 0.641308 0.641308 0.641308
3657.802002 0.000000 1422.649536 0.000000 -0.205929 0.000000 0.978567 0.708643 0.708643 0.708643
3656.115723 0.000000 1434.359009 0.000000 0.002319 0.000000 0.999997 0.583834 0.583834 0.583834
3657.327637 0.000000 1438.444702 0.000000 0.000000 0.000000 1.000000 0.881323 0.881323 0.881323
3652.606201 0.000000 1424.582886 0.000000 0.000000 0.000000 1.000000 0.714736 0.714736 0.714736
3656.220459 0.000000 1418.503052 0.000000 0.000000 0.000000 1.000000 0.866064 0.866064 0.866064
"}
object={
	name="canyon_14"
	clamp_to_water_level=no
	render_under_water=yes
	generated_content=no
	layer="massive_environment"
	pdxmesh="cliff_canyon_14_mesh"
	count=12
	transform="3696.860107 0.000000 1464.922729 0.000000 0.000000 0.000000 1.000000 0.759692 0.759692 0.759692
3657.663818 0.000000 1417.096069 0.000000 -0.914754 0.000000 -0.404012 0.684757 0.684757 0.684757
3654.063232 0.000000 1415.411743 0.000000 -0.914754 0.000000 -0.404012 0.777417 0.777417 0.777417
3652.018799 0.000000 1416.373413 0.000000 -0.260996 0.000000 0.965340 0.777417 0.777417 0.777417
3659.631592 0.000000 1420.610229 0.000000 0.000000 0.000000 1.000000 0.777417 0.777417 0.777417
3669.177979 0.000000 1416.097290 0.000000 0.961821 0.000000 0.273680 0.598193 0.598193 0.598193
3670.839600 0.000000 1415.307007 0.000000 0.479961 0.000000 0.877290 0.561398 0.561398 0.561398
3667.766846 0.000000 1430.343140 0.000000 0.699984 0.000000 0.714158 0.763428 0.763428 0.763428
3669.322998 0.000000 1428.770142 0.000000 0.699984 0.000000 0.714158 0.763428 0.763428 0.763428
3671.245850 0.000000 1427.402954 0.000000 0.000000 0.000000 1.000000 0.763428 0.763428 0.763428
3669.811035 0.000000 1421.264771 0.000000 0.000000 0.000000 1.000000 1.000000 1.000000 1.000000
3679.926514 0.000000 1405.374634 0.000000 -0.070270 0.000000 0.997528 0.766138 0.766138 0.766138
"}
object={
	name="canyon_15"
	clamp_to_water_level=no
	render_under_water=no
	generated_content=no
	layer="massive_environment"
	pdxmesh="cliff_canyon_15_mesh"
	count=1
	transform="4928.131348 0.000000 2182.269775 0.000000 -0.124848 0.000000 -0.992176 0.748511 0.748511 0.748511
"}
object={
	name="canyon_16"
	clamp_to_water_level=no
	render_under_water=yes
	generated_content=no
	layer="massive_environment"
	pdxmesh="cliff_canyon_16_mesh"
	count=5
	transform="3701.838135 0.000000 1460.821411 0.000000 -0.644869 0.000000 0.764293 0.654810 0.654810 0.654810
3663.533203 0.000000 1423.088257 0.000000 0.561015 0.000000 0.827806 1.000000 1.000000 1.000000
3664.960205 0.000000 1420.390991 0.000000 0.000000 0.000000 1.000000 1.000000 1.000000 1.000000
3664.066162 0.000000 1429.242798 0.000000 0.174216 0.000000 0.984707 0.738232 0.738232 0.738232
3661.780762 0.000000 1430.880737 0.000000 0.174216 0.000000 0.984707 0.738232 0.738232 0.738232
"}
object={
	name="european_lighthouse_01"
	clamp_to_water_level=no
	render_under_water=yes
	generated_content=no
	layer="static"
	entity="european_lighthouse_01_entity"
	count=1
	transform="4707.940430 0.000000 1627.242920 0.000000 0.000000 0.000000 1.000000 1.000000 1.000000 1.000000
"}
object={
	name="latin_lighthouse_01"
	clamp_to_water_level=no
	render_under_water=no
	generated_content=no
	layer="static"
	entity="latin_lighthouse_01_entity"
	count=1
	transform="2491.260498 0.000000 1441.671143 0.000000 0.000000 0.000000 1.000000 1.000000 1.000000 1.000000
"}
object={
	name="rockformation_granite_03"
	clamp_to_water_level=no
	render_under_water=yes
	generated_content=no
	layer="massive_environment"
	pdxmesh="rockformation_06_mesh"
	count=13
	transform="3687.812744 0.000000 2730.260254 0.000000 -0.689851 0.000000 -0.723952 1.000000 1.000000 1.000000
3669.545654 0.000000 2796.679443 0.000000 -0.996931 0.000000 0.078285 1.000000 1.000000 1.000000
3722.476318 0.000000 2867.387207 0.000000 -0.313464 0.000000 -0.949600 3.161421 3.161421 3.161421
2539.219238 0.000000 2805.074707 0.000000 0.859677 0.000000 0.510838 1.000000 1.000000 1.000000
3493.975830 0.000000 2642.828857 0.000000 0.000000 0.000000 1.000000 0.824878 0.824878 0.824878
3450.045898 0.000000 2693.382812 0.000000 0.384206 0.000000 0.923248 3.236438 3.236438 3.236438
4539.463379 0.000000 691.410400 0.000000 0.000000 0.000000 1.000000 1.078021 1.078021 1.078021
4515.154785 0.000000 703.058838 0.000000 0.791058 0.000000 0.611741 1.000000 1.000000 1.000000
4516.387695 0.000000 699.080383 0.000000 -0.495148 0.000000 0.868808 1.000000 1.000000 1.000000
4515.418457 0.000000 700.489746 0.000000 -0.968898 0.000000 0.247459 1.000000 1.000000 1.000000
3212.114990 0.000000 2939.245361 0.000000 0.026020 0.000000 -0.999661 2.359303 2.359303 2.359303
3070.434814 0.000000 2937.012207 0.000000 0.586334 0.000000 0.810069 1.131006 1.131006 1.131006
3118.844482 0.000000 2907.037842 0.000000 -0.887133 0.000000 0.461514 1.461340 1.461340 1.461340
"}
object={
	name="rockformation_granite_04"
	clamp_to_water_level=no
	render_under_water=yes
	generated_content=no
	layer="massive_environment"
	pdxmesh="rockformation_07_mesh"
	count=20
	transform="3445.733643 0.000000 2592.929932 0.000000 0.421929 0.000000 0.906628 1.201538 1.201538 1.201538
3679.599854 0.000000 2774.479492 0.000000 0.817219 0.000000 -0.576327 1.296240 1.296240 1.296240
3689.389893 0.000000 2744.567871 0.000000 -0.992744 0.000000 0.120248 1.000000 1.000000 1.000000
3680.627197 0.000000 2781.956543 0.000000 -0.882225 0.000000 0.470829 1.000000 1.000000 1.000000
3693.029541 0.000000 2847.612793 0.000000 0.748680 0.000000 0.662931 1.000000 1.000000 1.000000
3732.733154 0.000000 2879.115967 0.000000 0.911974 0.000000 0.410247 2.946278 2.946278 2.946278
3752.232666 0.000000 2884.889893 0.000000 -0.856775 0.000000 -0.515691 2.451416 2.451416 2.451416
3809.870361 0.000000 2898.857666 0.000000 -0.274087 0.000000 -0.961705 1.184204 1.184204 1.184204
2528.454346 0.000000 2801.521973 0.000000 -0.425878 0.000000 -0.904781 1.341797 1.341797 1.341797
2539.032715 0.000000 2797.874023 0.000000 -0.847286 0.000000 -0.531136 1.341797 1.341797 1.341797
2540.628418 0.000000 2804.284912 0.000000 -0.847286 0.000000 -0.531136 1.341797 1.341797 1.341797
2534.748291 0.000000 2809.708740 0.000000 0.741250 0.000000 0.671229 1.000000 1.000000 1.000000
2390.648926 0.000000 2951.303955 0.000000 0.754037 0.000000 0.656832 1.176183 1.176183 1.176183
2653.771484 0.000000 2889.469238 0.000000 -0.811300 0.000000 -0.584631 1.000000 1.000000 1.000000
3420.363770 0.000000 2606.463867 0.000000 -0.999840 0.000000 0.017878 1.400757 1.400757 1.400757
3476.944336 0.000000 2642.573486 0.000000 0.519395 0.000000 0.854534 0.827467 0.827467 0.827467
3408.464111 0.000000 2700.207275 0.000000 0.954143 0.000000 0.299350 1.239819 1.239819 1.239819
2289.727051 -0.104980 2293.545654 0.000000 0.278114 0.000000 0.960548 1.039724 1.039724 1.039724
2317.832275 0.000000 2314.173584 0.000000 0.830674 0.000000 0.556760 1.151123 1.151123 1.151123
2356.856201 0.000000 2339.384766 0.000000 0.173886 0.000000 0.984766 1.000000 1.000000 1.000000
"}
object={
	name="rockformation_granite_05"
	clamp_to_water_level=no
	render_under_water=yes
	generated_content=no
	layer="massive_environment"
	pdxmesh="rockformation_08_mesh"
	count=20
	transform="3684.789795 0.000000 2734.912598 0.000000 0.126985 0.000000 -0.991905 2.408633 2.408633 2.408633
3678.801514 0.181885 2776.156982 0.000000 0.617570 0.000000 0.786516 1.000000 1.000000 1.000000
3671.006104 0.000000 2795.792969 0.000000 -0.974771 0.000000 -0.223206 1.394531 1.394531 1.394531
3677.032959 0.000000 2839.264648 0.000000 -0.106478 -0.000000 -0.994315 1.036173 1.036173 1.036173
3675.748291 0.000000 2840.020264 0.000000 -0.930710 0.000000 0.365757 1.413025 1.413025 1.413025
3720.125244 0.000000 2861.729736 0.000000 -0.999996 0.000000 0.002681 2.587689 2.587689 2.587689
3742.144287 0.000000 2883.882080 0.000000 0.061537 0.000000 -0.998105 3.625221 3.625221 3.625221
3757.949951 0.000000 2889.024902 0.000000 -0.108368 0.000000 0.994111 4.126578 4.126578 4.126578
3411.628906 0.000000 2602.651367 0.000000 -0.996442 0.000000 -0.084285 1.537622 1.537622 1.537622
3482.490479 0.000000 2642.302246 0.000000 -0.440108 0.000000 0.897945 1.774146 1.774146 1.774146
3503.220947 0.000000 2624.405273 0.000000 -0.001434 0.000000 0.999999 1.158130 1.158130 1.158130
2288.605713 0.000000 2292.768555 0.000000 -0.138953 0.000000 0.990299 1.492822 1.492822 1.492822
2263.100342 0.000000 2276.640869 0.000000 0.933769 0.000000 0.357877 1.333032 1.333032 1.333032
2359.265625 0.000000 2404.839111 0.000000 -0.881318 0.000000 0.472524 1.522974 1.522974 1.522974
2300.898438 0.000000 2405.272705 0.000000 0.928006 0.000000 0.372564 6.808678 6.808678 6.808678
2260.794434 0.000000 3098.760010 0.000000 -0.838357 0.000000 0.545121 1.000000 1.000000 1.000000
3474.444092 0.000000 1993.432861 0.000000 -0.370472 0.000000 0.928844 1.000000 1.000000 1.000000
3472.805908 0.000000 1994.876953 0.000000 -0.990325 0.000000 0.138767 1.000000 1.000000 1.000000
3492.152588 0.000000 1990.293701 0.000000 -0.763893 0.000000 0.645343 1.000000 1.000000 1.000000
3499.336670 0.000000 1998.579590 0.000000 -0.763893 0.000000 0.645343 1.000000 1.000000 1.000000
"}
object={
	name="rockformation_granite_06"
	clamp_to_water_level=no
	render_under_water=yes
	generated_content=no
	layer="massive_environment"
	pdxmesh="rockformation_09_mesh"
	count=24
	transform="3687.989502 0.000000 2771.469482 0.000000 -0.373135 0.000000 0.927777 1.000000 1.000000 1.000000
3678.961182 0.000000 2788.963623 0.000000 0.105222 -0.000000 -0.994449 1.000000 1.000000 1.000000
3705.551025 0.000000 2849.160400 0.000000 -0.940092 0.000000 0.340921 0.834692 0.834692 0.834692
3687.357666 0.000000 2843.010254 0.000000 0.486480 0.000000 0.873692 1.000000 1.000000 1.000000
3736.268799 0.000000 2874.167480 0.000000 -0.835250 0.000000 0.549871 2.464038 2.464038 2.464038
3721.192627 0.000000 2861.974365 0.000000 -0.190839 0.000000 0.981621 0.735718 0.735718 0.735718
3761.595459 0.000000 2889.767334 0.000000 -0.987921 0.000000 -0.154956 0.760547 0.760547 0.760547
3814.725342 0.000000 2908.023926 0.000000 -0.265162 0.000000 0.964204 1.356982 1.356982 1.356982
2542.052002 0.000000 2806.153320 0.000000 0.831098 0.000000 0.556126 1.000000 1.000000 1.000000
2530.366699 0.000000 2808.141602 0.000000 0.002411 0.000000 0.999997 1.322607 1.322607 1.322607
2532.371582 0.000000 2808.792236 0.000000 -0.184454 0.000000 0.982841 1.322607 1.322607 1.322607
2626.665283 0.000000 2884.677490 0.000000 -0.922367 0.000000 0.386314 1.432837 1.432837 1.432837
2604.478516 0.000000 2881.828613 0.000000 0.747865 0.000000 -0.663851 1.375269 1.375269 1.375269
3411.762207 0.000000 2607.730713 0.000000 -0.298685 0.000000 0.954352 1.081472 1.081472 1.081472
3496.825928 0.000000 2671.538330 0.000000 -0.054538 0.000000 0.998512 1.246606 1.246606 1.246606
3456.359375 0.000000 2604.639404 0.000000 0.014190 0.000000 0.999899 0.894043 0.894043 0.894043
3442.198730 0.000000 2644.607178 0.000000 -0.661951 0.000000 0.749547 1.000000 1.000000 1.000000
3418.435059 0.000000 2678.030029 0.000000 0.136082 0.000000 0.990698 1.418701 1.418701 1.418701
3485.888672 0.000000 2731.407715 0.000000 -0.994141 0.000000 0.108091 0.844671 0.844671 0.844671
2361.465088 0.000000 2343.423096 0.000000 -0.401074 0.000000 0.916046 0.786304 0.786304 0.786304
2343.399170 0.000000 2348.913574 0.000000 0.228256 0.000000 0.973601 3.487828 3.487828 3.487828
2372.488525 0.000000 2347.411865 0.000000 0.986801 0.000000 0.161938 1.000000 1.000000 1.000000
4527.119141 0.000000 697.533203 0.000000 0.018371 0.000000 0.999831 1.308170 1.308170 1.308170
4515.095215 0.000000 705.138123 0.000000 0.935365 0.000000 0.353684 1.269849 1.269849 1.269849
"}
object={
	name="rockformation_sandstone_01"
	clamp_to_water_level=no
	render_under_water=yes
	generated_content=no
	layer="massive_environment"
	pdxmesh="rockformation_sandstone_01_mesh"
	count=7
	transform="3492.092773 0.000000 2112.880615 0.000000 -0.999879 0.000000 -0.015599 1.000000 1.000000 1.000000
3064.721191 0.000000 2205.617432 0.000000 0.999474 0.000000 0.032417 0.832935 0.832935 0.832935
3043.730957 0.000000 2245.770752 0.000000 0.328905 0.000000 0.944363 1.000000 1.000000 1.000000
3585.456787 0.000000 1394.168823 0.000000 0.337767 0.000000 0.941230 1.000000 1.000000 1.000000
4897.634766 0.000000 2465.848389 0.000000 0.680432 0.000000 0.732811 0.759912 0.759912 0.759912
2454.030273 0.000000 2829.793701 0.000000 0.000000 0.000000 1.000000 1.686621 1.686621 1.686621
2343.843750 0.000000 2696.992188 0.000000 -0.885989 0.000000 0.463706 1.229395 1.229395 1.229395
"}
object={
	name="rockformation_sandstone_03"
	clamp_to_water_level=no
	render_under_water=yes
	generated_content=no
	layer="massive_environment"
	pdxmesh="rockformation_sandstone_03_mesh"
	count=25
	transform="3507.426514 0.000000 2149.955078 0.000000 -0.840383 0.000000 -0.541993 1.263236 1.263236 1.263236
3481.125244 0.000000 2143.873291 0.000000 0.475253 0.000000 0.879850 3.851657 3.851657 3.851657
3497.749756 0.000000 2152.760986 0.000000 0.158491 0.000000 0.987361 1.000000 1.000000 1.000000
2908.423828 0.000000 2316.731201 0.000000 0.568028 0.000000 0.823009 1.000000 1.000000 1.000000
3007.286133 0.000000 2234.391357 0.000000 0.959842 0.000000 0.280543 1.579219 1.579219 1.579219
3008.259766 0.000000 2232.788818 0.000000 -0.983537 0.000000 -0.180709 1.152246 1.152246 1.152246
3032.168457 0.000000 2178.077393 0.000000 0.432510 0.000000 -0.901630 1.218921 1.218921 1.218921
3053.148438 0.000000 2177.578125 0.000000 -0.915370 0.000000 -0.402615 1.218921 1.218921 1.218921
3068.080566 0.000000 2210.352051 0.000000 0.799757 0.000000 -0.600324 1.523283 1.523283 1.523283
3080.737793 0.000000 2210.696533 0.000000 -0.884793 0.000000 -0.465984 1.486314 1.486314 1.486314
3061.384277 0.000000 2181.524902 0.000000 -0.005799 0.000000 0.999983 1.492913 1.492913 1.492913
3117.069336 0.000000 2203.828125 0.000000 0.637010 0.000000 0.770856 1.815772 1.815772 1.815772
2978.735840 0.000000 2178.208984 0.000000 -0.626473 0.000000 0.779443 1.496411 1.496411 1.496411
2999.274414 0.000000 2175.422607 0.000000 0.933380 0.000000 0.358891 1.496411 1.496411 1.496411
3007.033691 0.000000 2185.827881 0.000000 -0.583009 0.000000 -0.812466 1.000000 1.000000 1.000000
2977.704102 0.000000 2217.260254 0.000000 -0.697681 0.000000 0.716408 1.000000 1.000000 1.000000
3004.356445 0.000000 2218.981689 0.000000 -0.546557 0.000000 0.837422 1.000000 1.000000 1.000000
3036.216797 0.000000 2237.090332 0.000000 0.902373 0.000000 0.430956 1.000000 1.000000 1.000000
3046.648438 0.000000 2251.931396 0.000000 -0.839880 0.000000 -0.542772 1.533838 1.533838 1.533838
2986.666504 0.000000 2247.295654 0.000000 -0.918559 0.000000 -0.395284 1.344092 1.344092 1.344092
2972.637695 0.000000 2168.026123 0.000000 0.012704 0.000000 -0.999919 1.169526 1.169526 1.169526
2240.749023 0.000000 2955.973877 0.000000 0.972019 0.000000 0.234901 1.708154 1.708154 1.708154
4843.291016 0.000000 2450.647461 0.000000 -0.979624 0.000000 -0.200839 1.587500 1.587500 1.587500
4793.861816 0.000000 2487.529785 0.000000 0.940591 0.000000 0.339543 1.000000 1.000000 1.000000
4848.211426 0.000000 2472.496338 0.000000 -0.819234 0.000000 -0.573459 1.453711 1.453711 1.453711
"}
object={
	name="rockformation_sandstone_06"
	clamp_to_water_level=no
	render_under_water=yes
	generated_content=no
	layer="massive_environment"
	pdxmesh="rockformation_sandstone_06_mesh"
	count=7
	transform="3065.367676 0.000000 2230.886230 0.000000 -0.974088 0.000000 0.226171 1.000000 1.000000 1.000000
3029.957520 0.000000 2254.745117 0.000000 -0.996716 0.000000 -0.080970 1.000000 1.000000 1.000000
2980.985352 0.000000 2177.849854 0.000000 0.064844 0.000000 -0.997895 1.000000 1.000000 1.000000
3598.597900 0.000000 1431.979614 0.000000 0.885089 0.000000 0.465422 3.340542 3.340542 3.340542
4772.582520 0.000000 2441.048828 0.000000 -0.938078 0.000000 0.346423 1.000000 1.000000 1.000000
2192.541992 0.000000 2752.025391 0.000000 -0.999265 0.000000 -0.038343 5.298488 5.298488 5.298488
3663.025146 0.000000 1431.240112 0.000000 -0.999515 0.000000 0.031134 1.475659 1.475659 1.475659
"}
object={
	name="rubber_lodge_01"
	clamp_to_water_level=yes
	render_under_water=no
	generated_content=no
	layer="farms_dynamic"
	pdxmesh="rubber_lodge_01_mesh"
	count=1
	transform="5542.467285 0.000000 2891.180420 0.000000 0.979759 0.000000 -0.200181 1.000000 1.000000 1.000000
"}
object={
	name="seagull_01"
	clamp_to_water_level=yes
	render_under_water=no
	generated_content=no
	layer="environmental_effects"
	entity="seagull_port_entity"
	count=347
	transform="4043.655273 0.000000 2939.275635 0.000000 -0.999044 0.000000 -0.043722 0.220085 0.220085 0.220085
4341.577148 0.000000 3047.232422 0.000000 -0.760851 0.000000 0.648926 0.510752 0.510752 0.510752
4362.183594 0.000000 3002.870117 0.000000 0.317816 0.000000 0.948152 0.499694 0.499694 0.499694
562.552673 0.000000 1958.281860 0.000000 -0.513653 0.000000 0.857998 0.281170 0.281170 0.281170
3988.075928 0.000000 2903.693115 0.000000 0.000000 0.000000 1.000000 0.220085 0.220085 0.220085
3983.443359 0.482422 2900.760498 0.000000 0.000000 0.000000 1.000000 0.220085 0.220085 0.220085
4010.726807 0.000000 2764.802490 0.000000 0.000000 0.000000 1.000000 0.215819 0.215819 0.215819
4090.318359 0.644775 2782.257324 0.000000 0.000000 0.000000 1.000000 0.433891 0.433891 0.433891
4495.897461 0.000000 3037.902344 0.000000 0.000000 0.000000 1.000000 0.654468 0.654468 0.654468
4514.384277 0.000000 3051.909180 0.000000 0.000000 0.000000 1.000000 0.654468 0.654468 0.654468
4494.424805 0.000000 3147.730713 0.000000 0.000000 0.000000 1.000000 0.565698 0.565698 0.565698
7278.378906 0.000000 2348.249756 0.000000 0.000000 0.000000 1.000000 1.000000 1.000000 1.000000
7220.271973 0.000000 2335.229492 0.000000 0.000000 0.000000 1.000000 1.000000 1.000000 1.000000
7078.127441 0.000000 2322.102539 0.000000 0.000000 0.000000 1.000000 1.000000 1.000000 1.000000
7295.694824 0.000000 2566.297119 0.000000 0.000000 0.000000 1.000000 1.000000 1.000000 1.000000
4859.118652 0.000000 2606.429199 0.000000 0.000000 0.000000 1.000000 1.000000 1.000000 1.000000
4649.793945 0.000000 3015.614258 0.000000 0.000000 0.000000 1.000000 1.000000 1.000000 1.000000
4807.889160 0.000000 3076.005615 0.000000 0.000000 0.000000 1.000000 1.000000 1.000000 1.000000
4681.927246 0.000000 3062.674805 0.000000 0.000000 0.000000 1.000000 1.000000 1.000000 1.000000
4990.169434 0.000000 2675.339844 0.000000 0.000000 0.000000 1.000000 1.000000 1.000000 1.000000
4794.185547 0.000000 2645.647949 0.000000 0.000000 0.000000 1.000000 1.000000 1.000000 1.000000
4589.625977 0.000000 2994.345215 0.000000 0.000000 0.000000 1.000000 1.000000 1.000000 1.000000
5490.556152 0.000000 3441.847656 0.000000 0.000000 0.000000 1.000000 1.000000 1.000000 1.000000
5192.397461 0.000000 2643.532227 0.000000 0.000000 0.000000 1.000000 1.000000 1.000000 1.000000
6689.864258 0.000000 2024.467163 0.000000 0.000000 0.000000 1.000000 1.000000 1.000000 1.000000
6601.087402 0.000000 1978.812256 0.000000 0.000000 0.000000 1.000000 1.000000 1.000000 1.000000
6859.128906 0.000000 2043.496582 0.000000 0.000000 0.000000 1.000000 1.000000 1.000000 1.000000
6874.694824 0.000000 2254.539551 0.000000 0.000000 0.000000 1.000000 1.000000 1.000000 1.000000
6858.779785 0.000000 2385.775146 0.000000 0.000000 0.000000 1.000000 1.000000 1.000000 1.000000
5380.528809 0.000000 2146.726807 0.000000 0.000000 0.000000 1.000000 0.759229 0.759229 0.759229
5521.059082 0.000000 2099.412842 0.000000 0.000000 0.000000 1.000000 0.841528 0.841528 0.841528
4803.215820 0.000000 2392.612305 0.000000 0.056062 0.000000 0.998427 0.696826 0.696826 0.696826
4453.687500 0.000000 2577.854492 0.000000 0.000000 0.000000 1.000000 1.000000 1.000000 1.000000
6467.133789 0.000000 1747.505371 0.000000 0.000000 0.000000 1.000000 1.000000 1.000000 1.000000
6520.072754 0.000000 1931.892456 0.000000 0.000000 0.000000 1.000000 1.000000 1.000000 1.000000
6319.570312 0.000000 1879.484619 0.000000 0.000000 0.000000 1.000000 1.000000 1.000000 1.000000
6213.816895 0.000000 1971.104858 0.000000 0.000000 0.000000 1.000000 1.000000 1.000000 1.000000
6253.536133 0.000000 1876.640869 0.000000 0.000000 0.000000 1.000000 1.000000 1.000000 1.000000
6337.560547 0.000000 1769.252686 0.000000 0.000000 0.000000 1.000000 1.000000 1.000000 1.000000
2351.328613 0.000000 2444.054932 0.000000 0.000000 0.000000 1.000000 1.000000 1.000000 1.000000
2407.070557 0.000000 2489.244629 0.000000 0.000000 0.000000 1.000000 1.000000 1.000000 1.000000
2472.461426 0.000000 2514.230225 0.000000 0.000000 0.000000 1.000000 1.000000 1.000000 1.000000
2496.778320 0.000000 2574.645996 0.000000 0.000000 0.000000 1.000000 1.000000 1.000000 1.000000
2631.851318 0.000000 2598.547119 0.000000 0.000000 0.000000 1.000000 1.000000 1.000000 1.000000
2894.905762 0.000000 2683.214111 0.000000 0.000000 0.000000 1.000000 1.000000 1.000000 1.000000
2482.892822 0.000000 2669.363037 0.000000 0.000000 0.000000 1.000000 1.000000 1.000000 1.000000
1301.529663 0.000000 2418.973145 0.000000 0.000000 0.000000 1.000000 1.000000 1.000000 1.000000
1292.974854 0.000000 2698.489746 0.000000 0.000000 0.000000 1.000000 1.000000 1.000000 1.000000
1573.514893 0.000000 2164.145752 0.000000 0.000000 0.000000 1.000000 1.000000 1.000000 1.000000
1453.871826 0.000000 2227.011963 0.000000 0.000000 0.000000 1.000000 1.000000 1.000000 1.000000
1865.357056 0.000000 2027.901733 0.000000 0.000000 0.000000 1.000000 1.000000 1.000000 1.000000
1904.770752 0.000000 1952.570435 0.000000 0.000000 0.000000 1.000000 1.000000 1.000000 1.000000
2013.430298 0.000000 1939.329590 0.000000 0.000000 0.000000 1.000000 1.000000 1.000000 1.000000
2084.162109 0.000000 1897.363403 0.000000 0.000000 0.000000 1.000000 1.000000 1.000000 1.000000
2087.777588 0.000000 1873.684570 0.000000 0.000000 0.000000 1.000000 1.000000 1.000000 1.000000
2126.652100 0.000000 1779.615479 0.000000 0.000000 0.000000 1.000000 1.000000 1.000000 1.000000
2049.245605 0.000000 1823.652832 0.000000 0.000000 0.000000 1.000000 1.000000 1.000000 1.000000
1946.696289 0.000000 1883.591919 0.000000 0.000000 0.000000 1.000000 1.000000 1.000000 1.000000
2405.694580 0.000000 1767.430908 0.000000 0.000000 0.000000 1.000000 1.000000 1.000000 1.000000
2462.202637 0.000000 1758.493286 0.000000 0.000000 0.000000 1.000000 1.000000 1.000000 1.000000
2625.831299 0.000000 1744.798706 0.000000 0.000000 0.000000 1.000000 1.000000 1.000000 1.000000
2336.577393 0.000000 1598.637939 0.000000 0.000000 0.000000 1.000000 1.000000 1.000000 1.000000
2291.207764 0.000000 1536.119385 0.000000 0.000000 0.000000 1.000000 1.000000 1.000000 1.000000
2278.170654 0.000000 1353.420044 0.000000 0.000000 0.000000 1.000000 1.000000 1.000000 1.000000
1928.829346 0.000000 2196.553711 0.000000 0.000000 0.000000 1.000000 1.000000 1.000000 1.000000
2039.947510 0.000000 2205.603271 0.000000 0.000000 0.000000 1.000000 1.000000 1.000000 1.000000
2070.501953 0.000000 2226.634033 0.000000 0.000000 0.000000 1.000000 1.000000 1.000000 1.000000
2087.042969 0.000000 2229.292236 0.000000 0.000000 0.000000 1.000000 1.000000 1.000000 1.000000
2218.053955 0.000000 2162.758301 0.000000 0.000000 0.000000 1.000000 1.000000 1.000000 1.000000
2248.689941 0.000000 2262.825439 0.000000 0.000000 0.000000 1.000000 1.000000 1.000000 1.000000
2274.694580 0.000000 2284.666260 0.000000 0.000000 0.000000 1.000000 1.000000 1.000000 1.000000
2320.848389 0.000000 2322.060059 0.000000 0.000000 0.000000 1.000000 1.000000 1.000000 1.000000
2359.170898 0.000000 2393.114258 0.000000 0.000000 0.000000 1.000000 1.000000 1.000000 1.000000
2351.389893 0.000000 2436.498535 0.000000 0.000000 0.000000 1.000000 1.000000 1.000000 1.000000
2436.558350 0.000000 2509.511719 0.000000 0.000000 0.000000 1.000000 1.000000 1.000000 1.000000
2369.075684 0.000000 1972.252197 0.000000 0.000000 0.000000 1.000000 1.000000 1.000000 1.000000
2502.495605 0.000000 1937.682373 0.000000 0.000000 0.000000 1.000000 1.000000 1.000000 1.000000
2589.416260 0.000000 1935.974487 0.000000 0.000000 0.000000 1.000000 1.000000 1.000000 1.000000
2706.373779 0.000000 1831.686279 0.000000 0.000000 0.000000 1.000000 1.000000 1.000000 1.000000
2653.436523 0.000000 1754.342163 0.000000 0.000000 0.000000 1.000000 1.000000 1.000000 1.000000
1273.109009 0.000000 2641.026367 0.000000 0.000000 0.000000 1.000000 1.000000 1.000000 1.000000
5698.274902 0.000000 3306.984619 0.000000 0.000000 0.000000 1.000000 1.000000 1.000000 1.000000
5624.266602 0.000000 3421.761475 0.000000 0.000000 0.000000 1.000000 1.000000 1.000000 1.000000
5986.216797 0.000000 3454.197510 0.000000 0.000000 0.000000 1.000000 1.000000 1.000000 1.000000
5761.313965 0.000000 3503.975586 0.000000 0.000000 0.000000 1.000000 1.000000 1.000000 1.000000
5789.525879 0.000000 3379.191162 0.000000 0.000000 0.000000 1.000000 1.000000 1.000000 1.000000
7460.375488 0.000000 464.235077 0.000000 0.000000 0.000000 1.000000 1.000000 1.000000 1.000000
7458.721680 0.000000 530.575012 0.000000 0.000000 0.000000 1.000000 1.000000 1.000000 1.000000
7402.761230 0.000000 487.795044 0.000000 0.000000 0.000000 1.000000 1.000000 1.000000 1.000000
7634.571777 0.000000 2762.743164 0.000000 0.000000 0.000000 1.000000 1.000000 1.000000 1.000000
7814.850586 0.000000 2962.392578 0.000000 0.000000 0.000000 1.000000 1.000000 1.000000 1.000000
7844.486328 0.000000 3038.001953 0.000000 0.000000 0.000000 1.000000 1.000000 1.000000 1.000000
8042.462891 0.000000 519.801331 0.000000 0.000000 0.000000 1.000000 1.000000 1.000000 1.000000
8084.078125 0.000000 643.204773 0.000000 0.000000 0.000000 1.000000 1.000000 1.000000 1.000000
7924.634277 0.000000 367.409729 0.000000 0.000000 0.000000 1.000000 1.000000 1.000000 1.000000
8040.310059 0.000000 447.062958 0.000000 0.000000 0.000000 1.000000 1.000000 1.000000 1.000000
8133.954590 0.000000 567.859314 0.000000 0.000000 0.000000 1.000000 1.000000 1.000000 1.000000
8160.647949 0.000000 554.464539 0.000000 0.000000 0.000000 1.000000 1.000000 1.000000 1.000000
5193.395508 -1.470825 1178.915894 0.000000 0.000000 0.000000 1.000000 1.000000 1.000000 1.000000
5228.619629 0.000000 1186.078857 0.000000 0.000000 0.000000 1.000000 1.000000 1.000000 1.000000
5213.487793 -2.739258 1206.324585 0.000000 0.000000 0.000000 1.000000 1.000000 1.000000 1.000000
2452.619385 0.000000 2501.710449 0.000000 0.000000 0.000000 1.000000 1.000000 1.000000 1.000000
2299.880859 0.000000 2551.992188 0.000000 0.000000 0.000000 1.000000 1.000000 1.000000 1.000000
3608.014160 0.000000 3211.617188 0.000000 0.000000 0.000000 1.000000 1.000000 1.000000 1.000000
3590.203613 0.000000 3234.742432 0.000000 0.000000 0.000000 1.000000 1.000000 1.000000 1.000000
3556.628662 0.000000 3288.365234 0.000000 0.000000 0.000000 1.000000 1.000000 1.000000 1.000000
3759.459961 0.000000 3286.738770 0.000000 0.000000 0.000000 1.000000 1.000000 1.000000 1.000000
3636.597900 0.000000 3290.278564 0.000000 0.000000 0.000000 1.000000 1.000000 1.000000 1.000000
4643.195312 0.000000 2497.138184 0.000000 0.000000 0.000000 1.000000 1.000000 1.000000 1.000000
4694.512207 0.000000 2498.443604 0.000000 0.000000 0.000000 1.000000 1.000000 1.000000 1.000000
4797.781738 0.000000 2650.304199 0.000000 0.000000 0.000000 1.000000 1.000000 1.000000 1.000000
4850.063965 0.000000 2619.993408 0.000000 0.000000 0.000000 1.000000 1.000000 1.000000 1.000000
4918.012695 0.000000 2654.973633 0.000000 0.000000 0.000000 1.000000 1.000000 1.000000 1.000000
4983.683105 0.000000 2589.678711 0.000000 0.000000 0.000000 1.000000 1.000000 1.000000 1.000000
4974.578613 0.000000 2674.950684 0.000000 0.000000 0.000000 1.000000 1.000000 1.000000 1.000000
5031.593750 0.000000 2555.310303 0.000000 0.000000 0.000000 1.000000 1.000000 1.000000 1.000000
4758.576172 0.000000 2606.011963 0.000000 0.000000 0.000000 1.000000 1.000000 1.000000 1.000000
4735.214844 0.000000 2566.092773 0.000000 0.000000 0.000000 1.000000 1.000000 1.000000 1.000000
4743.798828 0.000000 2573.317871 0.000000 0.000000 0.000000 1.000000 1.000000 1.000000 1.000000
4810.234375 0.000000 2505.685303 0.000000 0.000000 0.000000 1.000000 1.000000 1.000000 1.000000
4835.766113 0.000000 2525.960938 0.000000 0.000000 0.000000 1.000000 1.000000 1.000000 1.000000
4849.337891 0.000000 2527.732422 0.000000 0.000000 0.000000 1.000000 1.000000 1.000000 1.000000
4877.197266 0.000000 2530.486572 0.000000 0.000000 0.000000 1.000000 1.000000 1.000000 1.000000
4938.600098 0.000000 2510.464844 0.000000 0.000000 0.000000 1.000000 1.000000 1.000000 1.000000
4970.100586 0.000000 2501.125732 0.000000 0.000000 0.000000 1.000000 1.000000 1.000000 1.000000
5010.422852 0.000000 2505.451172 0.000000 0.000000 0.000000 1.000000 1.000000 1.000000 1.000000
5045.153809 0.000000 2529.973877 0.000000 0.000000 0.000000 1.000000 1.000000 1.000000 1.000000
4396.242188 0.000000 2639.411133 0.000000 0.000000 0.000000 1.000000 1.000000 1.000000 1.000000
4412.987793 0.000000 2609.638428 0.000000 0.000000 0.000000 1.000000 1.000000 1.000000 1.000000
4480.674805 0.000000 2566.361084 0.000000 0.000000 0.000000 1.000000 1.000000 1.000000 1.000000
4522.310547 0.000000 2540.733398 0.000000 0.000000 0.000000 1.000000 1.000000 1.000000 1.000000
4537.125977 0.000000 2495.609131 0.000000 0.000000 0.000000 1.000000 1.000000 1.000000 1.000000
4562.284668 0.000000 2457.568848 0.000000 0.000000 0.000000 1.000000 1.000000 1.000000 1.000000
4575.490723 0.000000 2433.792725 0.000000 0.000000 0.000000 1.000000 1.000000 1.000000 1.000000
4628.900391 0.000000 2405.143066 0.000000 0.000000 0.000000 1.000000 1.000000 1.000000 1.000000
4622.225586 0.000000 2486.330078 0.000000 0.000000 0.000000 1.000000 1.000000 1.000000 1.000000
4265.882324 0.000000 2579.459229 0.000000 0.000000 0.000000 1.000000 1.000000 1.000000 1.000000
4378.604980 0.000000 2587.854492 0.000000 0.000000 0.000000 1.000000 1.000000 1.000000 1.000000
4467.784180 0.000000 2506.965332 0.000000 0.000000 0.000000 1.000000 1.000000 1.000000 1.000000
4401.193359 0.000000 2423.490479 0.000000 0.000000 0.000000 1.000000 1.000000 1.000000 1.000000
4433.449219 0.000000 2394.649902 0.000000 0.000000 0.000000 1.000000 1.000000 1.000000 1.000000
4460.587891 0.000000 2460.627930 0.000000 0.000000 0.000000 1.000000 1.000000 1.000000 1.000000
4431.890137 0.000000 2494.322021 0.000000 0.000000 0.000000 1.000000 1.000000 1.000000 1.000000
4487.313965 0.000000 2487.437012 0.000000 0.000000 0.000000 1.000000 1.000000 1.000000 1.000000
4066.347168 0.000000 2590.464355 0.000000 0.000000 0.000000 1.000000 1.000000 1.000000 1.000000
4053.767090 0.000000 2659.809814 0.000000 0.000000 0.000000 1.000000 1.000000 1.000000 1.000000
4009.004883 0.000000 2697.889160 0.000000 0.000000 0.000000 1.000000 1.000000 1.000000 1.000000
4116.227539 0.000000 2734.063232 0.000000 0.000000 0.000000 1.000000 1.000000 1.000000 1.000000
4172.875977 0.000000 2799.394775 0.000000 0.000000 0.000000 1.000000 1.000000 1.000000 1.000000
4207.604492 0.000000 2850.543213 0.000000 0.000000 0.000000 1.000000 1.000000 1.000000 1.000000
4241.281250 0.000000 2864.046387 0.000000 0.000000 0.000000 1.000000 1.000000 1.000000 1.000000
4290.306641 0.000000 2898.768311 0.000000 0.000000 0.000000 1.000000 1.000000 1.000000 1.000000
4282.792480 0.000000 2935.925537 0.000000 0.000000 0.000000 1.000000 1.000000 1.000000 1.000000
4313.284180 0.000000 2981.655029 0.000000 0.000000 0.000000 1.000000 1.000000 1.000000 1.000000
4351.285645 0.000000 2927.940186 0.000000 0.000000 0.000000 1.000000 1.000000 1.000000 1.000000
4375.685547 0.000000 2884.567871 0.000000 0.000000 0.000000 1.000000 1.000000 1.000000 1.000000
4409.484863 0.000000 2884.691406 0.000000 0.000000 0.000000 1.000000 1.000000 1.000000 1.000000
4486.429688 0.000000 2900.173340 0.000000 0.000000 0.000000 1.000000 1.000000 1.000000 1.000000
4478.161621 0.000000 2969.453125 0.000000 0.000000 0.000000 1.000000 1.000000 1.000000 1.000000
4444.725098 0.000000 2883.523193 0.000000 0.000000 0.000000 1.000000 1.000000 1.000000 1.000000
4527.936523 0.000000 2889.269287 0.000000 0.000000 0.000000 1.000000 1.000000 1.000000 1.000000
4576.223145 0.000000 2947.504883 0.000000 0.000000 0.000000 1.000000 1.000000 1.000000 1.000000
4617.591309 0.000000 2988.532471 0.000000 0.000000 0.000000 1.000000 1.000000 1.000000 1.000000
4485.188477 0.000000 3107.753662 0.000000 0.000000 0.000000 1.000000 1.000000 1.000000 1.000000
4508.240234 0.000000 3178.359619 0.000000 0.000000 0.000000 1.000000 1.000000 1.000000 1.000000
4536.708496 0.000000 3197.725342 0.000000 0.000000 0.000000 1.000000 1.000000 1.000000 1.000000
4577.965332 0.000000 3223.615723 0.000000 0.000000 0.000000 1.000000 1.000000 1.000000 1.000000
4595.286133 0.000000 3271.861084 0.000000 0.000000 0.000000 1.000000 1.000000 1.000000 1.000000
4621.633301 0.000000 3206.795898 0.000000 0.000000 0.000000 1.000000 1.000000 1.000000 1.000000
4637.706055 0.000000 3216.324707 0.000000 0.000000 0.000000 1.000000 1.000000 1.000000 1.000000
4657.745117 0.000000 3240.731934 0.000000 0.000000 0.000000 1.000000 1.000000 1.000000 1.000000
4659.437012 0.000000 3283.290039 0.000000 0.000000 0.000000 1.000000 1.000000 1.000000 1.000000
4679.113281 0.000000 3262.958740 0.000000 0.000000 0.000000 1.000000 1.000000 1.000000 1.000000
4658.484375 0.000000 3080.719727 0.000000 0.000000 0.000000 1.000000 1.000000 1.000000 1.000000
4701.625977 0.000000 3097.474365 0.000000 0.000000 0.000000 1.000000 1.000000 1.000000 1.000000
4745.088379 0.000000 3097.300781 0.000000 0.000000 0.000000 1.000000 1.000000 1.000000 1.000000
4788.153320 0.000000 3124.266113 0.000000 0.000000 0.000000 1.000000 1.000000 1.000000 1.000000
4833.963867 0.000000 3122.302246 0.000000 0.000000 0.000000 1.000000 1.000000 1.000000 1.000000
4841.049316 0.000000 3086.423584 0.000000 0.000000 0.000000 1.000000 1.000000 1.000000 1.000000
4897.124512 0.000000 3147.746338 0.000000 0.000000 0.000000 1.000000 1.000000 1.000000 1.000000
4879.600098 0.000000 3289.280029 0.000000 0.000000 0.000000 1.000000 1.000000 1.000000 1.000000
4095.065918 0.000000 2487.510742 0.000000 0.000000 0.000000 1.000000 1.000000 1.000000 1.000000
3933.171875 0.000000 2569.787109 0.000000 0.000000 0.000000 1.000000 1.000000 1.000000 1.000000
3886.133057 0.000000 2426.530518 0.000000 0.000000 0.000000 1.000000 1.000000 1.000000 1.000000
3998.869873 0.000000 2568.013672 0.000000 0.000000 0.000000 1.000000 1.000000 1.000000 1.000000
3928.270752 0.000000 2830.201660 0.000000 0.000000 0.000000 1.000000 1.000000 1.000000 1.000000
4091.821289 0.000000 2885.451660 0.000000 0.000000 0.000000 1.000000 1.000000 1.000000 1.000000
4003.766113 0.000000 3023.216309 0.000000 0.000000 0.000000 1.000000 1.000000 1.000000 1.000000
4128.766602 0.000000 2821.311035 0.000000 0.000000 0.000000 1.000000 1.000000 1.000000 1.000000
4007.321045 0.000000 2775.879395 0.000000 0.000000 0.000000 1.000000 1.000000 1.000000 1.000000
4037.670410 0.000000 2971.847168 0.000000 0.000000 0.000000 1.000000 1.000000 1.000000 1.000000
4227.424805 0.000000 3027.919189 0.000000 0.000000 0.000000 1.000000 1.000000 1.000000 1.000000
4963.854492 0.000000 3310.688721 0.000000 0.000000 0.000000 1.000000 1.000000 1.000000 1.000000
4960.406738 0.000000 3396.184814 0.000000 0.000000 0.000000 1.000000 1.000000 1.000000 1.000000
5036.578613 0.000000 3339.767090 0.000000 0.000000 0.000000 1.000000 1.000000 1.000000 1.000000
4847.380859 0.000000 3433.185547 0.000000 0.000000 0.000000 1.000000 1.000000 1.000000 1.000000
4914.242188 0.000000 2630.597900 0.000000 0.000000 0.000000 1.000000 1.000000 1.000000 1.000000
7281.209961 0.000000 2727.915771 0.000000 0.000000 0.000000 1.000000 1.000000 1.000000 1.000000
4363.523926 0.000000 3245.362549 0.000000 0.000000 0.000000 1.000000 1.000000 1.000000 1.000000
4744.454102 0.000000 3448.023682 0.000000 0.000000 0.000000 1.000000 1.000000 1.000000 1.000000
1269.491089 0.000000 2535.500000 0.000000 0.000000 0.000000 1.000000 1.000000 1.000000 1.000000
2868.197021 0.000000 2730.038574 0.000000 0.000000 0.000000 1.000000 1.000000 1.000000 1.000000
2807.447021 0.000000 2689.090088 0.000000 0.000000 0.000000 1.000000 1.000000 1.000000 1.000000
2884.374023 0.000000 2661.545654 0.000000 0.000000 0.000000 1.000000 1.000000 1.000000 1.000000
2886.578369 0.000000 3316.375488 0.000000 0.000000 0.000000 1.000000 1.000000 1.000000 1.000000
2876.671631 0.000000 3361.048096 0.000000 0.000000 0.000000 1.000000 1.000000 1.000000 1.000000
3602.015869 0.000000 3217.765869 0.000000 0.000000 0.000000 1.000000 1.000000 1.000000 1.000000
3904.080078 0.000000 2897.801025 0.000000 0.000000 0.000000 1.000000 1.000000 1.000000 1.000000
3972.681396 0.000000 2951.335205 0.000000 0.000000 0.000000 1.000000 1.000000 1.000000 1.000000
7307.675293 0.000000 2853.374023 0.000000 0.000000 0.000000 1.000000 1.000000 1.000000 1.000000
7363.792969 0.000000 2788.722168 0.000000 0.000000 0.000000 1.000000 1.000000 1.000000 1.000000
7651.589355 0.000000 2900.222656 0.000000 0.000000 0.000000 1.000000 1.000000 1.000000 1.000000
7225.412109 0.000000 2876.591797 0.000000 0.000000 0.000000 1.000000 1.000000 1.000000 1.000000
7818.185059 0.000000 3067.894043 0.000000 0.000000 0.000000 1.000000 1.000000 1.000000 1.000000
7656.701172 0.000000 3117.283691 0.000000 0.000000 0.000000 1.000000 1.000000 1.000000 1.000000
8080.953125 0.000000 3143.709229 0.000000 0.000000 0.000000 1.000000 1.000000 1.000000 1.000000
8191.812012 0.000000 3251.912354 0.000000 0.000000 0.000000 1.000000 1.000000 1.000000 1.000000
2789.139648 0.000000 2867.895020 0.000000 0.000000 0.000000 1.000000 1.000000 1.000000 1.000000
7250.962891 0.000000 2402.704834 0.000000 0.000000 0.000000 1.000000 1.000000 1.000000 1.000000
7323.117676 0.000000 2486.229736 0.000000 0.000000 0.000000 1.000000 1.000000 1.000000 1.000000
4304.683594 0.000000 1489.846436 0.000000 0.000000 0.000000 1.000000 1.000000 1.000000 1.000000
4231.876465 0.000000 1615.566772 0.000000 0.000000 0.000000 1.000000 1.000000 1.000000 1.000000
4037.771729 0.000000 1632.932373 0.000000 0.000000 0.000000 1.000000 1.000000 1.000000 1.000000
4397.950684 0.000000 1305.728516 0.000000 0.000000 0.000000 1.000000 1.000000 1.000000 1.000000
4380.878418 0.000000 1402.541748 0.000000 0.000000 0.000000 1.000000 1.000000 1.000000 1.000000
4318.105957 0.000000 1531.568848 0.000000 0.000000 0.000000 1.000000 1.000000 1.000000 1.000000
4219.579590 0.000000 1644.429565 0.000000 0.000000 0.000000 1.000000 1.000000 1.000000 1.000000
4101.531250 0.000000 1659.248901 0.000000 0.000000 0.000000 1.000000 1.000000 1.000000 1.000000
4240.964355 0.000000 1621.378296 0.000000 0.000000 0.000000 1.000000 1.000000 1.000000 1.000000
4405.673828 0.000000 1279.061035 0.000000 0.000000 0.000000 1.000000 1.000000 1.000000 1.000000
3901.132324 0.000000 1640.718140 0.000000 0.000000 0.000000 1.000000 1.000000 1.000000 1.000000
3990.778076 0.000000 1644.943359 0.000000 0.000000 0.000000 1.000000 1.000000 1.000000 1.000000
3768.626221 0.000000 1770.925415 0.000000 0.000000 0.000000 1.000000 1.000000 1.000000 1.000000
3795.536865 0.000000 1707.701294 0.000000 0.000000 0.000000 1.000000 1.000000 1.000000 1.000000
5756.423828 0.000000 1944.812988 0.000000 0.000000 0.000000 1.000000 1.000000 1.000000 1.000000
5764.117188 0.000000 1903.093750 0.000000 0.000000 0.000000 1.000000 1.000000 1.000000 1.000000
5788.497070 0.000000 1851.328613 0.000000 0.000000 0.000000 1.000000 1.000000 1.000000 1.000000
5912.791016 0.000000 1684.991699 0.000000 0.000000 0.000000 1.000000 1.000000 1.000000 1.000000
6389.680176 0.000000 1475.746094 0.000000 0.000000 0.000000 1.000000 1.000000 1.000000 1.000000
6186.141113 0.000000 2037.125122 0.000000 0.000000 0.000000 1.000000 1.000000 1.000000 1.000000
6535.453613 0.000000 1758.124268 0.000000 0.000000 0.000000 1.000000 1.000000 1.000000 1.000000
6495.780762 0.000000 1722.428589 0.000000 0.000000 0.000000 1.000000 1.000000 1.000000 1.000000
6531.572754 0.000000 1996.209717 0.000000 0.000000 0.000000 1.000000 1.000000 1.000000 1.000000
6584.563965 0.000000 1937.345215 0.000000 0.000000 0.000000 1.000000 1.000000 1.000000 1.000000
6529.130859 0.000000 1750.978394 0.000000 0.000000 0.000000 1.000000 1.000000 1.000000 1.000000
6450.226562 0.000000 1779.142822 0.000000 0.000000 0.000000 1.000000 1.000000 1.000000 1.000000
6394.214355 0.000000 1820.959961 0.000000 0.000000 0.000000 1.000000 1.000000 1.000000 1.000000
6426.459473 0.000000 1542.381104 0.000000 0.000000 0.000000 1.000000 1.000000 1.000000 1.000000
6606.618164 0.000000 1477.403198 0.000000 0.000000 0.000000 1.000000 1.000000 1.000000 1.000000
6664.675781 0.000000 1591.269897 0.000000 0.000000 0.000000 1.000000 1.000000 1.000000 1.000000
6686.715332 0.000000 1594.551758 0.000000 0.000000 0.000000 1.000000 1.000000 1.000000 1.000000
6744.982422 0.000000 1441.405396 0.000000 0.000000 0.000000 1.000000 1.000000 1.000000 1.000000
6744.982422 0.000000 1441.405396 0.000000 0.000000 0.000000 1.000000 1.000000 1.000000 1.000000
6735.571777 0.000000 1439.063110 0.000000 0.000000 0.000000 1.000000 1.000000 1.000000 1.000000
6767.732422 0.000000 1504.520874 0.000000 0.000000 0.000000 1.000000 1.000000 1.000000 1.000000
6654.537598 0.000000 1359.570435 0.000000 0.000000 0.000000 1.000000 1.000000 1.000000 1.000000
6882.239258 0.000000 1428.915283 0.000000 0.000000 0.000000 1.000000 1.000000 1.000000 1.000000
7061.932617 0.000000 1441.163452 0.000000 0.000000 0.000000 1.000000 1.000000 1.000000 1.000000
7124.613770 0.000000 1496.627319 0.000000 0.000000 0.000000 1.000000 1.000000 1.000000 1.000000
7155.697754 0.000000 1437.831909 0.000000 0.000000 0.000000 1.000000 1.000000 1.000000 1.000000
7148.514648 0.000000 1428.885132 0.000000 0.000000 0.000000 1.000000 1.000000 1.000000 1.000000
7094.374512 0.000000 1353.593750 0.000000 0.000000 0.000000 1.000000 1.000000 1.000000 1.000000
7094.209473 0.000000 1348.115356 0.000000 0.000000 0.000000 1.000000 1.000000 1.000000 1.000000
7154.002930 0.000000 1381.022583 0.000000 0.000000 0.000000 1.000000 1.000000 1.000000 1.000000
7151.402832 0.000000 1371.101685 0.000000 0.000000 0.000000 1.000000 1.000000 1.000000 1.000000
6781.472656 0.000000 1318.723755 0.000000 0.000000 0.000000 1.000000 1.000000 1.000000 1.000000
6771.320312 0.000000 1319.838135 0.000000 0.000000 0.000000 1.000000 1.000000 1.000000 1.000000
7256.596191 0.000000 1445.617188 0.000000 0.000000 0.000000 1.000000 1.000000 1.000000 1.000000
7346.394531 0.000000 1437.803345 0.000000 0.000000 0.000000 1.000000 1.000000 1.000000 1.000000
7441.110352 0.000000 1379.721069 0.000000 0.000000 0.000000 1.000000 1.000000 1.000000 1.000000
7551.284668 0.000000 1417.395874 0.000000 0.000000 0.000000 1.000000 1.000000 1.000000 1.000000
7644.311035 0.000000 1377.353271 0.000000 0.000000 0.000000 1.000000 1.000000 1.000000 1.000000
7724.411621 0.000000 1329.092163 0.000000 0.000000 0.000000 1.000000 1.000000 1.000000 1.000000
7737.741211 0.000000 1291.220459 0.000000 0.000000 0.000000 1.000000 1.000000 1.000000 1.000000
7891.928223 0.000000 1167.952026 0.000000 0.000000 0.000000 1.000000 1.000000 1.000000 1.000000
7898.267090 0.000000 1507.170166 0.000000 0.000000 0.000000 1.000000 1.000000 1.000000 1.000000
8151.223145 0.000000 1099.392700 0.000000 0.000000 0.000000 1.000000 1.000000 1.000000 1.000000
164.718018 0.000000 1217.798462 0.000000 0.000000 0.000000 1.000000 1.000000 1.000000 1.000000
780.940002 0.000000 867.000610 0.000000 0.000000 0.000000 1.000000 1.000000 1.000000 1.000000
1614.027832 0.000000 880.819885 0.000000 0.000000 0.000000 1.000000 1.000000 1.000000 1.000000
2742.807617 0.000000 604.774414 0.000000 0.000000 0.000000 1.000000 1.000000 1.000000 1.000000
2858.535889 0.000000 711.821289 0.000000 0.000000 0.000000 1.000000 1.000000 1.000000 1.000000
2970.164062 0.000000 843.433472 0.000000 0.000000 0.000000 1.000000 1.000000 1.000000 1.000000
2837.250977 0.000000 708.228882 0.000000 0.000000 0.000000 1.000000 1.000000 1.000000 1.000000
2952.404297 0.000000 845.773438 0.000000 0.000000 0.000000 1.000000 1.000000 1.000000 1.000000
3087.584473 0.000000 994.298828 0.000000 0.000000 0.000000 1.000000 1.000000 1.000000 1.000000
3201.361816 0.000000 1113.832153 0.000000 0.000000 0.000000 1.000000 1.000000 1.000000 1.000000
2934.113281 0.000000 830.668579 0.000000 0.000000 0.000000 1.000000 1.000000 1.000000 1.000000
2845.499756 0.000000 691.526306 0.000000 0.000000 0.000000 1.000000 1.000000 1.000000 1.000000
3233.431396 0.000000 1267.211182 0.000000 0.000000 0.000000 1.000000 1.000000 1.000000 1.000000
3244.247070 0.000000 1399.055786 0.000000 0.000000 0.000000 1.000000 1.000000 1.000000 1.000000
3288.291016 0.000000 1363.722046 0.000000 0.000000 0.000000 1.000000 1.000000 1.000000 1.000000
3280.981934 0.000000 1296.853271 0.000000 0.000000 0.000000 1.000000 1.000000 1.000000 1.000000
3160.796143 0.000000 1447.535645 0.000000 0.000000 0.000000 1.000000 1.000000 1.000000 1.000000
3040.781250 0.000000 1495.906006 0.000000 0.000000 0.000000 1.000000 1.000000 1.000000 1.000000
2916.238770 0.000000 1612.410400 0.000000 0.000000 0.000000 1.000000 1.000000 1.000000 1.000000
4835.425781 0.000000 882.885437 0.000000 0.000000 0.000000 1.000000 1.000000 1.000000 1.000000
4892.380371 0.000000 954.339233 0.000000 0.000000 0.000000 1.000000 1.000000 1.000000 1.000000
4901.543457 0.000000 1065.939575 0.000000 0.000000 0.000000 1.000000 1.000000 1.000000 1.000000
4968.994141 0.000000 1124.679810 0.000000 0.000000 0.000000 1.000000 1.000000 1.000000 1.000000
5018.608398 0.000000 1185.760376 0.000000 0.000000 0.000000 1.000000 1.000000 1.000000 1.000000
4989.176270 0.000000 1312.884766 0.000000 0.000000 0.000000 1.000000 1.000000 1.000000 1.000000
4994.256836 0.000000 1423.758179 0.000000 0.000000 0.000000 1.000000 1.000000 1.000000 1.000000
5091.444824 0.000000 1001.390137 0.000000 0.000000 0.000000 1.000000 1.000000 1.000000 1.000000
5187.093750 0.000000 1007.810547 0.000000 0.000000 0.000000 1.000000 1.000000 1.000000 1.000000
5117.927734 0.000000 1138.097900 0.000000 0.000000 0.000000 1.000000 1.000000 1.000000 1.000000
5188.425293 0.000000 1018.103271 0.000000 0.000000 0.000000 1.000000 1.000000 1.000000 1.000000
5182.656738 0.000000 1020.345154 0.000000 0.000000 0.000000 1.000000 1.000000 1.000000 1.000000
7182.797852 0.000000 717.020874 0.000000 0.000000 0.000000 1.000000 1.000000 1.000000 1.000000
7537.405273 0.000000 738.445557 0.000000 0.000000 0.000000 1.000000 1.000000 1.000000 1.000000
7542.766113 0.000000 947.565002 0.000000 0.000000 0.000000 1.000000 1.000000 1.000000 1.000000
7178.571777 0.000000 1201.012939 0.000000 0.000000 0.000000 1.000000 1.000000 1.000000 1.000000
6937.169922 0.000000 1167.464844 0.000000 0.000000 0.000000 1.000000 1.000000 1.000000 1.000000
7578.101562 0.000000 868.465332 0.000000 0.000000 0.000000 1.000000 1.000000 1.000000 1.000000
7410.809082 0.000000 486.405792 0.000000 0.000000 0.000000 1.000000 1.000000 1.000000 1.000000
6714.348145 0.000000 816.003052 0.000000 0.000000 0.000000 1.000000 1.000000 1.000000 1.000000
6968.301758 0.000000 1167.805786 0.000000 0.000000 0.000000 1.000000 1.000000 1.000000 1.000000
7214.566406 0.000000 1157.337646 0.000000 0.000000 0.000000 1.000000 1.000000 1.000000 1.000000
6723.583496 0.000000 1016.965637 0.000000 0.000000 0.000000 1.000000 1.000000 1.000000 1.000000
6981.507324 0.000000 769.249023 0.000000 0.000000 0.000000 1.000000 1.000000 1.000000 1.000000
2465.014160 0.000000 682.664307 0.000000 0.000000 0.000000 1.000000 1.000000 1.000000 1.000000
2409.009277 0.000000 529.920715 0.000000 0.000000 0.000000 1.000000 1.000000 1.000000 1.000000
2379.893066 0.000000 366.796143 0.000000 0.000000 0.000000 1.000000 1.000000 1.000000 1.000000
2365.999268 0.000000 1193.023926 0.000000 0.000000 0.000000 1.000000 1.000000 1.000000 1.000000
2384.048340 0.000000 218.329819 0.000000 0.000000 0.000000 1.000000 1.000000 1.000000 1.000000
2475.103271 0.000000 122.878448 0.000000 0.000000 0.000000 1.000000 1.000000 1.000000 1.000000
795.345398 0.000000 3090.802734 0.000000 0.000000 0.000000 1.000000 1.000000 1.000000 1.000000
1268.119019 0.000000 2671.427490 0.000000 0.000000 0.000000 1.000000 1.000000 1.000000 1.000000
2108.676758 0.000000 2736.743408 0.000000 0.000000 0.000000 1.000000 1.000000 1.000000 1.000000
2241.608398 0.000000 2825.019775 0.000000 0.000000 0.000000 1.000000 1.000000 1.000000 1.000000
2350.096191 0.000000 2960.055420 0.000000 0.000000 0.000000 1.000000 1.000000 1.000000 1.000000
2045.310303 0.000000 2972.343750 0.000000 0.000000 0.000000 1.000000 1.000000 1.000000 1.000000
1941.800537 0.000000 3041.462891 0.000000 0.000000 0.000000 1.000000 1.000000 1.000000 1.000000
1098.820557 0.000000 2923.502441 0.000000 0.000000 0.000000 1.000000 1.000000 1.000000 1.000000
7103.072754 0.000000 2556.942383 0.000000 0.000000 0.000000 1.000000 1.000000 1.000000 1.000000
7029.935547 0.000000 2423.589844 0.000000 0.000000 0.000000 1.000000 1.000000 1.000000 1.000000
7018.279297 0.000000 2338.311279 0.000000 0.000000 0.000000 1.000000 1.000000 1.000000 1.000000
7038.456055 0.000000 2533.154541 0.000000 0.000000 0.000000 1.000000 1.000000 1.000000 1.000000
7266.095215 0.000000 2708.754883 0.000000 0.000000 0.000000 1.000000 1.000000 1.000000 1.000000
1373.186401 0.000000 2340.553223 0.000000 0.000000 0.000000 1.000000 1.000000 1.000000 1.000000
2115.886719 0.000000 2520.152832 0.000000 0.000000 0.000000 1.000000 1.000000 1.000000 1.000000
2249.164062 0.000000 2527.037109 0.000000 0.000000 0.000000 1.000000 1.000000 1.000000 1.000000
2619.869629 0.000000 2772.342773 0.000000 0.000000 0.000000 1.000000 1.000000 1.000000 1.000000
2763.570557 0.000000 2761.055176 0.000000 0.000000 0.000000 1.000000 1.000000 1.000000 1.000000
2734.759033 0.000000 2921.956055 0.000000 0.000000 0.000000 1.000000 1.000000 1.000000 1.000000
7305.207031 0.000000 3025.046387 0.000000 0.000000 0.000000 1.000000 1.000000 1.000000 1.000000
2385.282959 0.000000 2435.420898 0.000000 0.000000 0.000000 1.000000 1.000000 1.000000 1.000000
"}
object={
	name="smoke_chimney_01"
	clamp_to_water_level=yes
	render_under_water=no
	generated_content=no
	layer="environmental_effects"
	entity="smoke_chimney_01"
	count=2
	transform="550.430298 0.155640 1961.600220 0.000000 0.389827 0.000000 0.920888 4.111941 4.111941 4.111941
7747.931641 0.000000 2942.265137 0.000000 0.000000 0.000000 1.000000 1.000000 1.000000 1.000000
"}
object={
	name="whale_01"
	clamp_to_water_level=yes
	render_under_water=yes
	generated_content=no
	layer="environmental_effects"
	entity="whale_entity"
	count=16
	transform="3979.297363 0.018311 3135.673828 0.000000 0.000000 0.000000 1.000000 0.296727 0.296727 0.296727
4189.348145 0.018311 3070.423340 0.000000 0.000000 0.000000 1.000000 0.296727 0.296727 0.296727
4164.397949 0.018311 2834.248291 0.000000 -0.229495 0.000000 -0.973310 0.296727 0.296727 0.296727
4055.109375 0.018311 3036.093506 0.000000 0.000000 0.000000 1.000000 0.296727 0.296727 0.296727
7273.336914 0.000000 2266.198975 0.000000 0.562505 0.000000 0.826794 1.000000 1.000000 1.000000
7136.344727 0.000000 2457.741943 0.000000 0.144331 0.000000 0.989530 1.000000 1.000000 1.000000
2038.311035 0.000000 1454.573608 0.000000 0.000000 0.000000 1.000000 1.000000 1.000000 1.000000
1575.232422 0.000000 1883.017090 0.000000 0.000000 0.000000 1.000000 1.000000 1.000000 1.000000
1225.037842 0.000000 2307.418945 0.000000 0.515020 0.000000 0.857178 1.000000 1.000000 1.000000
5541.895020 0.000000 3504.250977 0.000000 0.000000 0.000000 1.000000 1.000000 1.000000 1.000000
5134.594238 0.000000 3450.401855 0.000000 0.000000 0.000000 1.000000 1.000000 1.000000 1.000000
3253.564697 0.000000 3195.869141 0.000000 0.000000 0.000000 1.000000 1.000000 1.000000 1.000000
3472.716064 0.000000 3304.196045 0.000000 0.000000 0.000000 1.000000 1.000000 1.000000 1.000000
3730.151855 0.000000 3373.694336 0.000000 0.000000 0.000000 1.000000 1.000000 1.000000 1.000000
3810.135254 0.000000 3176.639893 0.000000 0.573956 0.000000 0.818886 1.000000 1.000000 1.000000
3620.354980 0.000000 3135.622803 0.000000 0.076555 0.000000 0.997065 1.000000 1.000000 1.000000
"}
object={
	name="whale_white_01"
	clamp_to_water_level=yes
	render_under_water=yes
	generated_content=no
	layer="environmental_effects"
	entity="whale_white_entity"
	count=1
	transform="3853.741455 0.000000 3195.429199 0.000000 0.000000 0.000000 1.000000 0.224538 0.224538 0.224538
"}
