object={
	name="bush_02_generator_1_0"
	clamp_to_water_level=no
	render_under_water=no
	generated_content=yes
	layer="semidynamic_medium"
	pdxmesh="tree_bush_03_mesh"
	count=8
	transform="573.292725 0.000000 1142.246460 0.000000 0.593245 0.000000 0.805022 0.194043 0.194043 0.194043
572.013062 0.000000 1144.552246 0.000000 0.927495 0.000000 -0.373837 0.193933 0.193933 0.193933
7652.276367 0.000000 2913.949951 0.000000 0.956791 0.000000 0.290776 0.198122 0.198122 0.198122
7654.535645 0.000000 2910.211182 0.000000 0.088736 0.000000 0.996055 0.162808 0.162808 0.162808
7654.581055 0.000000 2915.827637 0.000000 0.298178 0.000000 0.954510 0.161284 0.161284 0.161284
7654.646484 0.000000 2912.860352 0.000000 0.934611 0.000000 0.355672 0.197685 0.197685 0.197685
7652.550293 0.000000 2911.497070 0.000000 0.961537 0.000000 -0.274677 0.182555 0.182555 0.182555
7653.210449 0.000000 2912.784668 0.000000 0.827111 0.000000 0.562038 0.196200 0.196200 0.196200
"}
object={
	name="bush_02_generator_1_1"
	clamp_to_water_level=no
	render_under_water=no
	generated_content=yes
	layer="semidynamic_medium"
	pdxmesh="tree_bush_04_mesh"
	count=5
	transform="570.028503 0.000000 1142.786133 0.000000 0.147256 0.000000 -0.989098 0.209059 0.209059 0.209059
571.524109 0.000000 1143.146851 0.000000 0.749773 0.000000 -0.661696 0.204603 0.204603 0.204603
573.240173 0.000000 1143.718750 0.000000 0.637150 0.000000 -0.770740 0.205602 0.205602 0.205602
7657.385742 0.000000 2913.621338 0.000000 0.113879 0.000000 -0.993495 0.182308 0.182308 0.182308
7650.111328 0.000000 2912.318359 0.000000 0.594507 0.000000 -0.804090 0.184602 0.184602 0.184602
"}
