object={
	name="european_dynamic_farmland_objects_generator_1_0"
	clamp_to_water_level=no
	render_under_water=no
	generated_content=yes
	layer="farms_dynamic"
	pdxmesh="european_province_farm_01_mesh"
	count=193
	transform="2554.544434 0.000000 1339.563721 0.000000 0.236060 0.000000 0.971738 0.000000 0.000000 0.000000
2669.516602 0.000000 1257.389526 0.000000 0.302736 0.000000 0.953075 0.000000 0.000000 0.000000
2672.205322 0.000000 1299.114990 0.000000 0.133931 0.000000 0.990991 0.000000 0.000000 0.000000
2580.968506 0.000000 1351.265747 0.000000 0.208448 0.000000 0.978033 0.000000 0.000000 0.000000
2676.365479 0.000000 1338.406860 0.000000 0.389754 0.000000 0.920919 0.000000 0.000000 0.000000
2709.705078 0.000000 1269.523926 0.000000 0.250712 0.000000 0.968062 0.000000 0.000000 0.000000
2772.968506 0.000000 1294.781372 0.000000 0.027403 0.000000 0.999624 0.000000 0.000000 0.000000
2753.319092 0.000000 1281.544678 0.000000 0.112848 0.000000 0.993612 0.000000 0.000000 0.000000
2709.705078 0.000000 1326.008301 0.000000 0.215518 0.000000 0.976500 0.000000 0.000000 0.000000
2756.458496 0.000000 1353.606567 0.000000 0.039442 0.000000 0.999222 0.000000 0.000000 0.000000
2900.968506 0.000000 1181.812622 0.000000 0.026495 0.000000 0.999649 0.000000 0.000000 0.000000
2938.544434 0.000000 1170.110596 0.000000 0.486790 0.000000 0.873519 0.000000 0.000000 0.000000
2854.231201 0.000000 1224.700928 0.000000 0.036176 0.000000 0.999345 0.000000 0.000000 0.000000
2901.705078 0.000000 1213.039551 0.000000 0.243319 0.000000 0.969946 0.000000 0.000000 0.000000
2918.231201 0.000000 1224.700928 0.000000 0.427701 0.000000 0.903920 0.000000 0.000000 0.000000
2964.968506 0.000000 1238.296997 0.000000 0.412690 0.000000 0.910871 0.000000 0.000000 0.000000
2945.319092 0.000000 1225.060303 0.000000 0.357435 0.000000 0.933938 0.000000 0.000000 0.000000
2901.705078 0.000000 1269.523926 0.000000 0.256598 0.000000 0.966518 0.000000 0.000000 0.000000
2972.793701 0.000000 1301.982422 0.000000 0.346266 0.000000 0.938136 0.000000 0.000000 0.000000
2516.968506 0.000000 1407.750122 0.000000 0.110603 0.000000 0.993865 0.000000 0.000000 0.000000
2544.205322 0.000000 1412.083740 0.000000 0.586448 0.000000 0.809987 0.000000 0.000000 0.000000
2534.231201 0.000000 1507.122803 0.000000 0.401509 0.000000 0.915855 0.000000 0.000000 0.000000
2527.453613 0.000000 1485.323853 0.000000 0.642852 0.000000 0.765990 0.000000 0.000000 0.000000
2488.065674 0.000000 1550.440674 0.000000 0.564525 0.000000 0.825416 0.000000 0.000000 0.000000
2541.516602 0.000000 1539.811401 0.000000 0.273899 0.000000 0.961758 0.000000 0.000000 0.000000
2517.705078 0.000000 1551.945801 0.000000 0.474096 0.000000 0.880473 0.000000 0.000000 0.000000
2514.127686 0.000000 1538.354126 0.000000 0.008783 0.000000 0.999961 0.000000 0.000000 0.000000
2608.205322 0.000000 1412.083740 0.000000 0.298763 0.000000 0.954327 0.000000 0.000000 0.000000
2626.396484 0.000000 1357.487183 0.000000 0.464711 0.000000 0.885462 0.000000 0.000000 0.000000
2645.208252 0.000000 1395.504272 0.000000 0.220122 0.000000 0.975472 0.000000 0.000000 0.000000
2678.173828 0.000000 1361.809204 0.000000 0.293664 0.000000 0.955909 0.000000 0.000000 0.000000
2686.419189 0.000000 1397.772339 0.000000 0.203493 0.000000 0.979076 0.000000 0.000000 0.000000
2572.978516 0.000000 1412.845337 0.000000 0.396039 0.000000 0.918234 0.000000 0.000000 0.000000
2660.045898 0.000000 1417.384277 0.000000 0.513581 0.000000 0.858041 0.000000 0.000000 0.000000
2691.837158 0.000000 1379.187134 0.000000 0.528022 0.000000 0.849231 0.000000 0.000000 0.000000
2707.007568 0.000000 1430.187744 0.000000 0.616596 0.000000 0.787280 0.000000 0.000000 0.000000
2738.318359 0.000000 1412.315308 0.000000 0.233530 0.000000 0.972350 0.000000 0.000000 0.000000
2692.048096 0.000000 1420.459473 0.000000 0.133401 0.000000 0.991062 0.000000 0.000000 0.000000
2726.686279 0.000000 1412.415161 0.000000 0.566109 0.000000 0.824331 0.000000 0.000000 0.000000
2669.516602 0.000000 1483.327026 0.000000 0.044669 0.000000 0.999002 0.000000 0.000000 0.000000
2572.978516 0.000000 1525.814087 0.000000 0.556776 0.000000 0.830663 0.000000 0.000000 0.000000
2625.451416 0.000000 1537.253784 0.000000 0.110394 0.000000 0.993888 0.000000 0.000000 0.000000
2561.451416 0.000000 1593.738159 0.000000 0.590567 0.000000 0.806989 0.000000 0.000000 0.000000
2669.516602 0.000000 1596.295776 0.000000 0.427101 0.000000 0.904204 0.000000 0.000000 0.000000
3540.968506 0.000000 1012.359497 0.000000 0.467261 0.000000 0.884119 0.000000 0.000000 0.000000
3373.516602 0.000000 1087.936401 0.000000 0.640594 0.000000 0.767880 0.000000 0.000000 0.000000
3437.516602 0.000000 1087.936401 0.000000 0.575542 0.000000 0.817772 0.000000 0.000000 0.000000
3450.544434 0.000000 1113.626221 0.000000 0.156473 0.000000 0.987682 0.000000 0.000000 0.000000
3484.793701 0.000000 1019.560547 0.000000 0.120119 0.000000 0.992760 0.000000 0.000000 0.000000
3578.544434 0.000000 1057.141846 0.000000 0.538386 0.000000 0.842698 0.000000 0.000000 0.000000
3540.968506 0.000000 1125.328247 0.000000 0.188440 0.000000 0.982085 0.000000 0.000000 0.000000
3565.516602 0.000000 1087.936401 0.000000 0.217390 0.000000 0.976085 0.000000 0.000000 0.000000
3440.205322 0.000000 1186.146240 0.000000 0.347214 0.000000 0.937786 0.000000 0.000000 0.000000
3386.544434 0.000000 1226.594971 0.000000 0.560519 0.000000 0.828142 0.000000 0.000000 0.000000
3366.231201 0.000000 1224.700928 0.000000 0.642829 0.000000 0.766010 0.000000 0.000000 0.000000
3412.968506 0.000000 1238.296997 0.000000 0.357404 0.000000 0.933950 0.000000 0.000000 0.000000
3393.451416 0.000000 1198.347534 0.000000 0.523446 0.000000 0.852059 0.000000 0.000000 0.000000
3514.544434 0.000000 1170.110596 0.000000 0.325219 0.000000 0.945639 0.000000 0.000000 0.000000
3540.968506 0.000000 1181.812622 0.000000 0.142140 0.000000 0.989847 0.000000 0.000000 0.000000
3477.705078 0.000000 1213.039551 0.000000 0.558810 0.000000 0.829296 0.000000 0.000000 0.000000
3565.516602 0.000000 1200.905151 0.000000 0.512335 0.000000 0.858786 0.000000 0.000000 0.000000
3437.516602 0.000000 1257.389526 0.000000 0.085080 0.000000 0.996374 0.000000 0.000000 0.000000
3450.544434 0.000000 1283.079346 0.000000 0.047778 0.000000 0.998858 0.000000 0.000000 0.000000
3393.319092 0.000000 1281.544678 0.000000 0.619612 0.000000 0.784908 0.000000 0.000000 0.000000
3420.793701 0.000000 1245.498047 0.000000 0.025612 0.000000 0.999672 0.000000 0.000000 0.000000
3565.516602 0.000000 1257.389526 0.000000 0.205780 0.000000 0.978598 0.000000 0.000000 0.000000
3521.319092 0.000000 1281.544678 0.000000 0.240927 0.000000 0.970543 0.000000 0.000000 0.000000
3565.516602 0.000000 1313.873901 0.000000 0.205020 0.000000 0.978758 0.000000 0.000000 0.000000
3585.319092 0.000000 1055.607178 0.000000 0.577306 0.000000 0.816528 0.000000 0.000000 0.000000
3649.319092 0.000000 1055.607178 0.000000 0.646822 0.000000 0.762641 0.000000 0.000000 0.000000
3605.705078 0.000000 1100.070801 0.000000 0.649622 0.000000 0.760258 0.000000 0.000000 0.000000
3649.451416 0.000000 1085.378784 0.000000 0.296339 0.000000 0.955083 0.000000 0.000000 0.000000
3732.968506 0.000000 1125.328247 0.000000 0.051986 0.000000 0.998648 0.000000 0.000000 0.000000
3713.451416 0.000000 1085.378784 0.000000 0.065588 0.000000 0.997847 0.000000 0.000000 0.000000
3770.544434 0.000000 1113.626221 0.000000 0.557400 0.000000 0.830244 0.000000 0.000000 0.000000
3649.451416 0.000000 1141.863159 0.000000 0.639986 0.000000 0.768386 0.000000 0.000000 0.000000
3585.319092 0.000000 1225.060303 0.000000 0.286697 0.000000 0.958021 0.000000 0.000000 0.000000
3668.968506 0.000000 1238.296997 0.000000 0.107414 0.000000 0.994214 0.000000 0.000000 0.000000
3649.451416 0.000000 1198.347534 0.000000 0.262259 0.000000 0.964998 0.000000 0.000000 0.000000
3713.451416 0.000000 1141.863159 0.000000 0.365066 0.000000 0.930981 0.000000 0.000000 0.000000
3733.705078 0.000000 1156.555176 0.000000 0.254719 0.000000 0.967015 0.000000 0.000000 0.000000
3750.231201 0.000000 1168.216553 0.000000 0.537187 0.000000 0.843463 0.000000 0.000000 0.000000
3797.705078 0.000000 1156.555176 0.000000 0.238060 0.000000 0.971250 0.000000 0.000000 0.000000
3757.516602 0.000000 1200.905151 0.000000 0.651172 0.000000 0.758931 0.000000 0.000000 0.000000
3796.968506 0.000000 1238.296997 0.000000 0.330915 0.000000 0.943661 0.000000 0.000000 0.000000
3629.516602 0.000000 1257.389526 0.000000 0.079828 0.000000 0.996809 0.000000 0.000000 0.000000
3612.793701 0.000000 1245.498047 0.000000 0.643520 0.000000 0.765429 0.000000 0.000000 0.000000
3949.516602 0.000000 1144.420776 0.000000 0.446640 0.000000 0.894714 0.000000 0.000000 0.000000
4033.451416 0.000000 1141.863159 0.000000 0.468379 0.000000 0.883528 0.000000 0.000000 0.000000
4053.705078 0.000000 1156.555176 0.000000 0.212642 0.000000 0.977130 0.000000 0.000000 0.000000
3988.968506 0.000000 1238.296997 0.000000 0.419777 0.000000 0.907627 0.000000 0.000000 0.000000
4026.544434 0.000000 1226.594971 0.000000 0.014051 0.000000 0.999901 0.000000 0.000000 0.000000
4052.968506 0.000000 1238.296997 0.000000 0.641985 0.000000 0.766718 0.000000 0.000000 0.000000
3949.516602 0.000000 1257.389526 0.000000 0.608245 0.000000 0.793749 0.000000 0.000000 0.000000
3905.319092 0.000000 1281.544678 0.000000 0.129547 0.000000 0.991573 0.000000 0.000000 0.000000
3962.544434 0.000000 1339.563721 0.000000 0.215964 0.000000 0.976401 0.000000 0.000000 0.000000
3925.705078 0.000000 1326.008301 0.000000 0.584978 0.000000 0.811049 0.000000 0.000000 0.000000
4052.968506 0.000000 1294.781372 0.000000 0.589876 0.000000 0.807494 0.000000 0.000000 0.000000
4033.451416 0.000000 1254.831909 0.000000 0.267951 0.000000 0.963433 0.000000 0.000000 0.000000
3988.968506 0.000000 1351.265747 0.000000 0.159698 0.000000 0.987166 0.000000 0.000000 0.000000
3989.705078 0.000000 1326.008301 0.000000 0.309686 0.000000 0.950839 0.000000 0.000000 0.000000
3969.319092 0.000000 1338.029053 0.000000 0.206648 0.000000 0.978415 0.000000 0.000000 0.000000
4052.968506 0.000000 1351.265747 0.000000 0.154516 0.000000 0.987990 0.000000 0.000000 0.000000
4077.516602 0.000000 1313.873901 0.000000 0.569889 0.000000 0.821721 0.000000 0.000000 0.000000
3284.968506 0.000000 1577.203247 0.000000 0.081807 0.000000 0.996648 0.000000 0.000000 0.000000
3309.516602 0.000000 1539.811401 0.000000 0.114986 0.000000 0.993367 0.000000 0.000000 0.000000
3373.516602 0.000000 1426.842651 0.000000 0.070633 0.000000 0.997502 0.000000 0.000000 0.000000
3413.705078 0.000000 1438.977051 0.000000 0.578036 0.000000 0.816011 0.000000 0.000000 0.000000
3501.516602 0.000000 1370.358276 0.000000 0.431877 0.000000 0.901932 0.000000 0.000000 0.000000
3514.544434 0.000000 1396.048096 0.000000 0.648461 0.000000 0.761248 0.000000 0.000000 0.000000
3540.968506 0.000000 1407.750122 0.000000 0.619529 0.000000 0.784974 0.000000 0.000000 0.000000
3521.451416 0.000000 1367.800659 0.000000 0.462995 0.000000 0.886361 0.000000 0.000000 0.000000
3540.968506 0.000000 1464.234497 0.000000 0.115544 0.000000 0.993302 0.000000 0.000000 0.000000
3348.968506 0.000000 1577.203247 0.000000 0.639234 0.000000 0.769013 0.000000 0.000000 0.000000
3540.968506 0.000000 1520.718872 0.000000 0.566269 0.000000 0.824220 0.000000 0.000000 0.000000
3457.319092 0.000000 1563.966553 0.000000 0.013108 0.000000 0.999914 0.000000 0.000000 0.000000
3521.451416 0.000000 1537.253784 0.000000 0.493061 0.000000 0.869995 0.000000 0.000000 0.000000
3393.451416 0.000000 1593.738159 0.000000 0.375155 0.000000 0.926962 0.000000 0.000000 0.000000
3420.793701 0.000000 1584.404297 0.000000 0.559896 0.000000 0.828563 0.000000 0.000000 0.000000
3437.516602 0.000000 1652.780151 0.000000 0.483126 0.000000 0.875551 0.000000 0.000000 0.000000
3420.793701 0.000000 1640.888672 0.000000 0.179386 0.000000 0.983779 0.000000 0.000000 0.000000
3457.451416 0.000000 1593.738159 0.000000 0.498128 0.000000 0.867104 0.000000 0.000000 0.000000
3477.705078 0.000000 1608.430176 0.000000 0.551903 0.000000 0.833908 0.000000 0.000000 0.000000
3565.516602 0.000000 1596.295776 0.000000 0.012506 0.000000 0.999922 0.000000 0.000000 0.000000
3484.793701 0.000000 1640.888672 0.000000 0.013987 0.000000 0.999902 0.000000 0.000000 0.000000
3622.231201 0.000000 1450.638428 0.000000 0.642528 0.000000 0.766262 0.000000 0.000000 0.000000
3821.516602 0.000000 1426.842651 0.000000 0.225903 0.000000 0.974150 0.000000 0.000000 0.000000
3770.544434 0.000000 1509.016846 0.000000 0.589628 0.000000 0.807675 0.000000 0.000000 0.000000
3777.451416 0.000000 1480.769409 0.000000 0.259238 0.000000 0.965813 0.000000 0.000000 0.000000
3777.319092 0.000000 1507.482178 0.000000 0.256692 0.000000 0.966493 0.000000 0.000000 0.000000
3770.544434 0.000000 1565.501221 0.000000 0.124468 0.000000 0.992224 0.000000 0.000000 0.000000
3760.205322 0.000000 1581.536865 0.000000 0.438947 0.000000 0.898513 0.000000 0.000000 0.000000
3821.516602 0.000000 1539.811401 0.000000 0.645849 0.000000 0.763465 0.000000 0.000000 0.000000
3797.705078 0.000000 1551.945801 0.000000 0.558881 0.000000 0.829248 0.000000 0.000000 0.000000
3860.968506 0.000000 1407.750122 0.000000 0.263459 0.000000 0.964671 0.000000 0.000000 0.000000
3949.516602 0.000000 1370.358276 0.000000 0.630381 0.000000 0.776286 0.000000 0.000000 0.000000
3924.968506 0.000000 1464.234497 0.000000 0.401902 0.000000 0.915683 0.000000 0.000000 0.000000
3988.968506 0.000000 1407.750122 0.000000 0.542643 0.000000 0.839963 0.000000 0.000000 0.000000
4077.516602 0.000000 1370.358276 0.000000 0.379730 0.000000 0.925097 0.000000 0.000000 0.000000
4053.705078 0.000000 1382.492676 0.000000 0.316593 0.000000 0.948562 0.000000 0.000000 0.000000
3969.319092 0.000000 1450.997803 0.000000 0.450078 0.000000 0.892989 0.000000 0.000000 0.000000
4052.968506 0.000000 1464.234497 0.000000 0.159481 0.000000 0.987201 0.000000 0.000000 0.000000
4077.516602 0.000000 1426.842651 0.000000 0.477103 0.000000 0.878848 0.000000 0.000000 0.000000
4033.451416 0.000000 1424.285034 0.000000 0.031573 0.000000 0.999501 0.000000 0.000000 0.000000
4033.319092 0.000000 1450.997803 0.000000 0.450036 0.000000 0.893011 0.000000 0.000000 0.000000
3841.451416 0.000000 1480.769409 0.000000 0.100674 0.000000 0.994919 0.000000 0.000000 0.000000
3860.968506 0.000000 1577.203247 0.000000 0.470260 0.000000 0.882528 0.000000 0.000000 0.000000
3969.451416 0.000000 1480.769409 0.000000 0.355979 0.000000 0.934494 0.000000 0.000000 0.000000
4033.319092 0.000000 1507.482178 0.000000 0.338990 0.000000 0.940790 0.000000 0.000000 0.000000
4013.516602 0.000000 1539.811401 0.000000 0.542494 0.000000 0.840060 0.000000 0.000000 0.000000
4026.544434 0.000000 1565.501221 0.000000 0.495073 0.000000 0.868851 0.000000 0.000000 0.000000
4052.968506 0.000000 1577.203247 0.000000 0.641858 0.000000 0.766823 0.000000 0.000000 0.000000
3605.705078 0.000000 1608.430176 0.000000 0.029149 0.000000 0.999575 0.000000 0.000000 0.000000
3622.231201 0.000000 1620.091553 0.000000 0.384068 0.000000 0.923305 0.000000 0.000000 0.000000
3693.516602 0.000000 1596.295776 0.000000 0.261430 0.000000 0.965223 0.000000 0.000000 0.000000
3649.451416 0.000000 1593.738159 0.000000 0.554449 0.000000 0.832218 0.000000 0.000000 0.000000
3649.319092 0.000000 1620.450928 0.000000 0.104192 0.000000 0.994557 0.000000 0.000000 0.000000
3733.705078 0.000000 1608.430176 0.000000 0.240940 0.000000 0.970540 0.000000 0.000000 0.000000
3885.516602 0.000000 1596.295776 0.000000 0.482844 0.000000 0.875706 0.000000 0.000000 0.000000
4013.516602 0.000000 1596.295776 0.000000 0.502626 0.000000 0.864504 0.000000 0.000000 0.000000
4097.318848 0.000000 1168.575928 0.000000 0.353753 0.000000 0.935339 0.000000 0.000000 0.000000
4141.516602 0.000000 1200.905151 0.000000 0.421658 0.000000 0.906755 0.000000 0.000000 0.000000
4124.793945 0.000000 1189.013672 0.000000 0.074293 0.000000 0.997236 0.000000 0.000000 0.000000
4161.451172 0.000000 1198.347534 0.000000 0.378253 0.000000 0.925702 0.000000 0.000000 0.000000
4198.230957 0.000000 1224.700928 0.000000 0.236076 0.000000 0.971734 0.000000 0.000000 0.000000
4225.451172 0.000000 1198.347534 0.000000 0.236202 0.000000 0.971704 0.000000 0.000000 0.000000
4124.793945 0.000000 1301.982422 0.000000 0.261951 0.000000 0.965081 0.000000 0.000000 0.000000
4308.968750 0.000000 1351.265747 0.000000 0.503183 0.000000 0.864180 0.000000 0.000000 0.000000
4346.544434 0.000000 1339.563721 0.000000 0.399351 0.000000 0.916798 0.000000 0.000000 0.000000
4316.793945 0.000000 1301.982422 0.000000 0.290130 0.000000 0.956987 0.000000 0.000000 0.000000
4372.968750 0.000000 1351.265747 0.000000 0.537323 0.000000 0.843376 0.000000 0.000000 0.000000
4353.318848 0.000000 1338.029053 0.000000 0.629117 0.000000 0.777311 0.000000 0.000000 0.000000
4154.544434 0.000000 1396.048096 0.000000 0.302657 0.000000 0.953099 0.000000 0.000000 0.000000
4117.705078 0.000000 1382.492676 0.000000 0.507203 0.000000 0.861827 0.000000 0.000000 0.000000
4141.516602 0.000000 1426.842651 0.000000 0.627660 0.000000 0.778488 0.000000 0.000000 0.000000
4154.544434 0.000000 1452.532471 0.000000 0.438834 0.000000 0.898568 0.000000 0.000000 0.000000
4117.705078 0.000000 1438.977051 0.000000 0.331301 0.000000 0.943525 0.000000 0.000000 0.000000
4134.230957 0.000000 1450.638428 0.000000 0.135186 0.000000 0.990820 0.000000 0.000000 0.000000
4161.318848 0.000000 1450.997803 0.000000 0.083725 0.000000 0.996489 0.000000 0.000000 0.000000
4117.705078 0.000000 1495.461426 0.000000 0.006126 0.000000 0.999981 0.000000 0.000000 0.000000
4181.705078 0.000000 1495.461426 0.000000 0.534315 0.000000 0.845286 0.000000 0.000000 0.000000
4205.516602 0.000000 1539.811401 0.000000 0.562653 0.000000 0.826693 0.000000 0.000000 0.000000
4161.451172 0.000000 1537.253784 0.000000 0.616124 0.000000 0.787649 0.000000 0.000000 0.000000
4244.968750 0.000000 1520.718872 0.000000 0.276127 0.000000 0.961121 0.000000 0.000000 0.000000
4225.451172 0.000000 1537.253784 0.000000 0.373859 0.000000 0.927486 0.000000 0.000000 0.000000
4272.205566 0.000000 1581.536865 0.000000 0.373841 0.000000 0.927493 0.000000 0.000000 0.000000
4346.544434 0.000000 1565.501221 0.000000 0.027511 0.000000 0.999622 0.000000 0.000000 0.000000
4397.516602 0.000000 1483.327026 0.000000 0.506407 0.000000 0.862295 0.000000 0.000000 0.000000
4417.318848 0.000000 1507.482178 0.000000 0.519855 0.000000 0.854254 0.000000 0.000000 0.000000
4205.516602 0.000000 1596.295776 0.000000 0.194448 0.000000 0.980913 0.000000 0.000000 0.000000
4188.793945 0.000000 1584.404297 0.000000 0.329496 0.000000 0.944157 0.000000 0.000000 0.000000
4316.793945 0.000000 1584.404297 0.000000 0.309890 0.000000 0.950772 0.000000 0.000000 0.000000
4353.451172 0.000000 1593.738159 0.000000 0.580242 0.000000 0.814444 0.000000 0.000000 0.000000
"}
object={
	name="european_dynamic_farmland_objects_generator_1_1"
	clamp_to_water_level=no
	render_under_water=no
	generated_content=yes
	layer="farms_dynamic"
	pdxmesh="european_province_farm_02_mesh"
	count=218
	transform="2644.968506 0.000000 1294.781372 0.000000 0.983260 0.000000 0.182206 0.000000 0.000000 0.000000
2605.516602 0.000000 1313.873901 0.000000 0.975144 0.000000 0.221574 0.000000 0.000000 0.000000
2561.319092 0.000000 1338.029053 0.000000 0.982968 0.000000 0.183775 0.000000 0.000000 0.000000
2608.205322 0.000000 1355.599365 0.000000 0.910961 0.000000 0.412492 0.000000 0.000000 0.000000
2616.065674 0.000000 1324.503174 0.000000 0.848293 0.000000 0.529526 0.000000 0.000000 0.000000
2625.319092 0.000000 1338.029053 0.000000 0.812227 0.000000 0.583342 0.000000 0.000000 0.000000
2665.563477 0.000000 1325.631592 0.000000 0.784076 0.000000 0.620664 0.000000 0.000000 0.000000
2680.551025 0.000000 1331.999756 0.000000 0.873141 0.000000 0.487468 0.000000 0.000000 0.000000
2665.260742 0.000000 1343.362793 0.000000 0.818568 0.000000 0.574409 0.000000 0.000000 0.000000
2708.968506 0.000000 1294.781372 0.000000 0.800005 0.000000 0.599994 0.000000 0.000000 0.000000
2689.319092 0.000000 1281.544678 0.000000 0.912387 0.000000 0.409329 0.000000 0.000000 0.000000
2692.458496 0.000000 1297.122192 0.000000 0.772380 0.000000 0.635161 0.000000 0.000000 0.000000
2733.516602 0.000000 1313.873901 0.000000 0.959456 0.000000 0.281860 0.000000 0.000000 0.000000
2695.671631 0.000000 1323.997192 0.000000 0.901447 0.000000 0.432890 0.000000 0.000000 0.000000
2735.722412 0.000000 1343.460327 0.000000 0.939926 0.000000 0.341379 0.000000 0.000000 0.000000
2713.621582 0.000000 1347.015503 0.000000 0.852888 0.000000 0.522093 0.000000 0.000000 0.000000
2864.205322 0.000000 1242.630615 0.000000 0.933214 0.000000 0.359321 0.000000 0.000000 0.000000
2925.516602 0.000000 1200.905151 0.000000 0.985755 0.000000 0.168188 0.000000 0.000000 0.000000
2881.319092 0.000000 1225.060303 0.000000 0.688739 0.000000 0.725010 0.000000 0.000000 0.000000
2964.968506 0.000000 1181.812622 0.000000 0.987446 0.000000 0.157959 0.000000 0.000000 0.000000
2989.516602 0.000000 1200.905151 0.000000 0.795060 0.000000 0.606531 0.000000 0.000000 0.000000
2861.516602 0.000000 1257.389526 0.000000 0.864707 0.000000 0.502277 0.000000 0.000000 0.000000
2881.451416 0.000000 1254.831909 0.000000 0.958722 0.000000 0.284344 0.000000 0.000000 0.000000
2908.793701 0.000000 1245.498047 0.000000 0.728701 0.000000 0.684832 0.000000 0.000000 0.000000
3009.451416 0.000000 1311.316284 0.000000 0.987625 0.000000 0.156832 0.000000 0.000000 0.000000
2554.544434 0.000000 1452.532471 0.000000 0.988014 0.000000 0.154365 0.000000 0.000000 0.000000
2490.544434 0.000000 1509.016846 0.000000 0.699547 0.000000 0.714587 0.000000 0.000000 0.000000
2536.832275 0.000000 1472.094849 0.000000 0.767532 0.000000 0.641011 0.000000 0.000000 0.000000
2545.272949 0.000000 1502.218628 0.000000 0.923769 0.000000 0.382950 0.000000 0.000000 0.000000
2516.968506 0.000000 1577.203247 0.000000 0.956866 0.000000 0.290528 0.000000 0.000000 0.000000
2580.968506 0.000000 1407.750122 0.000000 0.988142 0.000000 0.153540 0.000000 0.000000 0.000000
2605.516602 0.000000 1370.358276 0.000000 0.748801 0.000000 0.662795 0.000000 0.000000 0.000000
2561.319092 0.000000 1394.513428 0.000000 0.727139 0.000000 0.686490 0.000000 0.000000 0.000000
2572.978516 0.000000 1356.360962 0.000000 0.785708 0.000000 0.618597 0.000000 0.000000 0.000000
2618.807129 0.000000 1362.279541 0.000000 0.789549 0.000000 0.613688 0.000000 0.000000 0.000000
2591.453613 0.000000 1372.355103 0.000000 0.885240 0.000000 0.465135 0.000000 0.000000 0.000000
2623.487305 0.000000 1385.852661 0.000000 0.773126 0.000000 0.634252 0.000000 0.000000 0.000000
2632.407471 0.000000 1363.437378 0.000000 0.895611 0.000000 0.444838 0.000000 0.000000 0.000000
2628.032471 0.000000 1387.236572 0.000000 0.710131 0.000000 0.704070 0.000000 0.000000 0.000000
2674.318359 0.000000 1355.830933 0.000000 0.972953 0.000000 0.231002 0.000000 0.000000 0.000000
2561.451416 0.000000 1424.285034 0.000000 0.692630 0.000000 0.721293 0.000000 0.000000 0.000000
2591.453613 0.000000 1428.839478 0.000000 0.940366 0.000000 0.340165 0.000000 0.000000 0.000000
2601.563477 0.000000 1438.600342 0.000000 0.851911 0.000000 0.523687 0.000000 0.000000 0.000000
2586.979736 0.000000 1453.942139 0.000000 0.954253 0.000000 0.299001 0.000000 0.000000 0.000000
2655.825928 0.000000 1420.231812 0.000000 0.862700 0.000000 0.505716 0.000000 0.000000 0.000000
2738.789307 0.000000 1367.712280 0.000000 0.905251 0.000000 0.424876 0.000000 0.000000 0.000000
2724.045898 0.000000 1360.899902 0.000000 0.895771 0.000000 0.444516 0.000000 0.000000 0.000000
2692.957520 0.000000 1395.472046 0.000000 0.947352 0.000000 0.320195 0.000000 0.000000 0.000000
2780.793701 0.000000 1358.466797 0.000000 0.759884 0.000000 0.650059 0.000000 0.000000 0.000000
2689.319092 0.000000 1450.997803 0.000000 0.718237 0.000000 0.695798 0.000000 0.000000 0.000000
2736.541992 0.000000 1434.694580 0.000000 0.710962 0.000000 0.703230 0.000000 0.000000 0.000000
2723.764893 0.000000 1437.956665 0.000000 0.912963 0.000000 0.408043 0.000000 0.000000 0.000000
2753.451416 0.000000 1424.285034 0.000000 0.743404 0.000000 0.668842 0.000000 0.000000 0.000000
2598.231201 0.000000 1507.122803 0.000000 0.973039 0.000000 0.230643 0.000000 0.000000 0.000000
2605.516602 0.000000 1539.811401 0.000000 0.799933 0.000000 0.600089 0.000000 0.000000 0.000000
3514.544434 0.000000 1057.141846 0.000000 0.688560 0.000000 0.725179 0.000000 0.000000 0.000000
3578.544434 0.000000 1113.626221 0.000000 0.983836 0.000000 0.179072 0.000000 0.000000 0.000000
3541.705078 0.000000 1100.070801 0.000000 0.734024 0.000000 0.679124 0.000000 0.000000 0.000000
3437.516602 0.000000 1144.420776 0.000000 0.887496 0.000000 0.460815 0.000000 0.000000 0.000000
3450.544434 0.000000 1170.110596 0.000000 0.815306 0.000000 0.579030 0.000000 0.000000 0.000000
3413.705078 0.000000 1156.555176 0.000000 0.839752 0.000000 0.542969 0.000000 0.000000 0.000000
3373.516602 0.000000 1200.905151 0.000000 0.892974 0.000000 0.450108 0.000000 0.000000 0.000000
3476.968506 0.000000 1181.812622 0.000000 0.872289 0.000000 0.488991 0.000000 0.000000 0.000000
3565.516602 0.000000 1144.420776 0.000000 0.968780 0.000000 0.247924 0.000000 0.000000 0.000000
3521.451416 0.000000 1141.863159 0.000000 0.767106 0.000000 0.641520 0.000000 0.000000 0.000000
3457.451416 0.000000 1198.347534 0.000000 0.951960 0.000000 0.306223 0.000000 0.000000 0.000000
3514.544434 0.000000 1226.594971 0.000000 0.888929 0.000000 0.458044 0.000000 0.000000 0.000000
3540.968506 0.000000 1238.296997 0.000000 0.674032 0.000000 0.738702 0.000000 0.000000 0.000000
3373.516602 0.000000 1257.389526 0.000000 0.786313 0.000000 0.617829 0.000000 0.000000 0.000000
3386.544434 0.000000 1283.079346 0.000000 0.909375 0.000000 0.415978 0.000000 0.000000 0.000000
3366.231201 0.000000 1281.185303 0.000000 0.896401 0.000000 0.443244 0.000000 0.000000 0.000000
3393.451416 0.000000 1254.831909 0.000000 0.945908 0.000000 0.324434 0.000000 0.000000 0.000000
3501.516602 0.000000 1257.389526 0.000000 0.863602 0.000000 0.504173 0.000000 0.000000 0.000000
3514.544434 0.000000 1283.079346 0.000000 0.882274 0.000000 0.470736 0.000000 0.000000 0.000000
3477.705078 0.000000 1269.523926 0.000000 0.748138 0.000000 0.663543 0.000000 0.000000 0.000000
3548.793701 0.000000 1245.498047 0.000000 0.790047 0.000000 0.613046 0.000000 0.000000 0.000000
3476.968506 0.000000 1351.265747 0.000000 0.929248 0.000000 0.369457 0.000000 0.000000 0.000000
3501.516602 0.000000 1313.873901 0.000000 0.788687 0.000000 0.614795 0.000000 0.000000 0.000000
3457.451416 0.000000 1311.316284 0.000000 0.860392 0.000000 0.509633 0.000000 0.000000 0.000000
3604.968506 0.000000 1012.359497 0.000000 0.725892 0.000000 0.687809 0.000000 0.000000 0.000000
3604.968506 0.000000 1068.843872 0.000000 0.944568 0.000000 0.328315 0.000000 0.000000 0.000000
3629.516602 0.000000 1031.452026 0.000000 0.896871 0.000000 0.442292 0.000000 0.000000 0.000000
3668.968506 0.000000 1068.843872 0.000000 0.962144 0.000000 0.272541 0.000000 0.000000 0.000000
3629.516602 0.000000 1087.936401 0.000000 0.914061 0.000000 0.405576 0.000000 0.000000 0.000000
3585.451416 0.000000 1085.378784 0.000000 0.855798 0.000000 0.517310 0.000000 0.000000 0.000000
3669.705078 0.000000 1100.070801 0.000000 0.966241 0.000000 0.257639 0.000000 0.000000 0.000000
3649.319092 0.000000 1112.091553 0.000000 0.924472 0.000000 0.381251 0.000000 0.000000 0.000000
3733.705078 0.000000 1100.070801 0.000000 0.910243 0.000000 0.414074 0.000000 0.000000 0.000000
3585.451416 0.000000 1141.863159 0.000000 0.952836 0.000000 0.303485 0.000000 0.000000 0.000000
3642.544434 0.000000 1170.110596 0.000000 0.682812 0.000000 0.730594 0.000000 0.000000 0.000000
3605.705078 0.000000 1156.555176 0.000000 0.981555 0.000000 0.191180 0.000000 0.000000 0.000000
3649.319092 0.000000 1168.575928 0.000000 0.986223 0.000000 0.165419 0.000000 0.000000 0.000000
3676.793701 0.000000 1132.529297 0.000000 0.751644 0.000000 0.659569 0.000000 0.000000 0.000000
3629.516602 0.000000 1200.905151 0.000000 0.975238 0.000000 0.221159 0.000000 0.000000 0.000000
3706.544434 0.000000 1226.594971 0.000000 0.967076 0.000000 0.254486 0.000000 0.000000 0.000000
3676.793701 0.000000 1189.013672 0.000000 0.927960 0.000000 0.372681 0.000000 0.000000 0.000000
3732.968506 0.000000 1181.812622 0.000000 0.926576 0.000000 0.376108 0.000000 0.000000 0.000000
3713.319092 0.000000 1168.575928 0.000000 0.965203 0.000000 0.261502 0.000000 0.000000 0.000000
3770.544434 0.000000 1226.594971 0.000000 0.878736 0.000000 0.477308 0.000000 0.000000 0.000000
3777.451416 0.000000 1198.347534 0.000000 0.959493 0.000000 0.281732 0.000000 0.000000 0.000000
3797.705078 0.000000 1213.039551 0.000000 0.758838 0.000000 0.651280 0.000000 0.000000 0.000000
3604.968506 0.000000 1294.781372 0.000000 0.672169 0.000000 0.740398 0.000000 0.000000 0.000000
3622.231201 0.000000 1281.185303 0.000000 0.675648 0.000000 0.737224 0.000000 0.000000 0.000000
3629.516602 0.000000 1313.873901 0.000000 0.849819 0.000000 0.527075 0.000000 0.000000 0.000000
3757.516602 0.000000 1257.389526 0.000000 0.893235 0.000000 0.449591 0.000000 0.000000 0.000000
3841.319092 0.000000 1168.575928 0.000000 0.952138 0.000000 0.305668 0.000000 0.000000 0.000000
3841.451416 0.000000 1198.347534 0.000000 0.878871 0.000000 0.477059 0.000000 0.000000 0.000000
3949.516602 0.000000 1200.905151 0.000000 0.697913 0.000000 0.716182 0.000000 0.000000 0.000000
4013.516602 0.000000 1144.420776 0.000000 0.692731 0.000000 0.721196 0.000000 0.000000 0.000000
3989.705078 0.000000 1213.039551 0.000000 0.863181 0.000000 0.504894 0.000000 0.000000 0.000000
4006.231201 0.000000 1224.700928 0.000000 0.852726 0.000000 0.522358 0.000000 0.000000 0.000000
4033.319092 0.000000 1225.060303 0.000000 0.756647 0.000000 0.653824 0.000000 0.000000 0.000000
3925.705078 0.000000 1269.523926 0.000000 0.782912 0.000000 0.622133 0.000000 0.000000 0.000000
3905.451416 0.000000 1311.316284 0.000000 0.877453 0.000000 0.479663 0.000000 0.000000 0.000000
4013.516602 0.000000 1257.389526 0.000000 0.872574 0.000000 0.488482 0.000000 0.000000 0.000000
4077.516602 0.000000 1257.389526 0.000000 0.973461 0.000000 0.228853 0.000000 0.000000 0.000000
4026.544434 0.000000 1339.563721 0.000000 0.935434 0.000000 0.353502 0.000000 0.000000 0.000000
4006.231201 0.000000 1337.669678 0.000000 0.852049 0.000000 0.523462 0.000000 0.000000 0.000000
4033.319092 0.000000 1338.029053 0.000000 0.940223 0.000000 0.340558 0.000000 0.000000 0.000000
3348.968506 0.000000 1464.234497 0.000000 0.916530 0.000000 0.399965 0.000000 0.000000 0.000000
3450.544434 0.000000 1452.532471 0.000000 0.884353 0.000000 0.466818 0.000000 0.000000 0.000000
3521.319092 0.000000 1394.513428 0.000000 0.987588 0.000000 0.157068 0.000000 0.000000 0.000000
3558.231201 0.000000 1394.154053 0.000000 0.920830 0.000000 0.389964 0.000000 0.000000 0.000000
3412.968506 0.000000 1520.718872 0.000000 0.989571 0.000000 0.144048 0.000000 0.000000 0.000000
3437.516602 0.000000 1483.327026 0.000000 0.735360 0.000000 0.677676 0.000000 0.000000 0.000000
3450.544434 0.000000 1509.016846 0.000000 0.822404 0.000000 0.568904 0.000000 0.000000 0.000000
3413.705078 0.000000 1495.461426 0.000000 0.955513 0.000000 0.294950 0.000000 0.000000 0.000000
3329.451416 0.000000 1537.253784 0.000000 0.949926 0.000000 0.312474 0.000000 0.000000 0.000000
3412.968506 0.000000 1577.203247 0.000000 0.963667 0.000000 0.267107 0.000000 0.000000 0.000000
3393.319092 0.000000 1563.966553 0.000000 0.960446 0.000000 0.278468 0.000000 0.000000 0.000000
3457.319092 0.000000 1507.482178 0.000000 0.827377 0.000000 0.561647 0.000000 0.000000 0.000000
3541.705078 0.000000 1495.461426 0.000000 0.940388 0.000000 0.340104 0.000000 0.000000 0.000000
3514.544434 0.000000 1565.501221 0.000000 0.814458 0.000000 0.580223 0.000000 0.000000 0.000000
3484.793701 0.000000 1527.919922 0.000000 0.974931 0.000000 0.222508 0.000000 0.000000 0.000000
3565.516602 0.000000 1539.811401 0.000000 0.876919 0.000000 0.480638 0.000000 0.000000 0.000000
3348.968506 0.000000 1633.687622 0.000000 0.951703 0.000000 0.307020 0.000000 0.000000 0.000000
3440.205322 0.000000 1638.021240 0.000000 0.839230 0.000000 0.543776 0.000000 0.000000 0.000000
3393.451416 0.000000 1650.222534 0.000000 0.917593 0.000000 0.397521 0.000000 0.000000 0.000000
3476.968506 0.000000 1633.687622 0.000000 0.830596 0.000000 0.556875 0.000000 0.000000 0.000000
3501.516602 0.000000 1596.295776 0.000000 0.916121 0.000000 0.400902 0.000000 0.000000 0.000000
3501.516602 0.000000 1652.780151 0.000000 0.821690 0.000000 0.569935 0.000000 0.000000 0.000000
3457.451416 0.000000 1650.222534 0.000000 0.721062 0.000000 0.692871 0.000000 0.000000 0.000000
3548.793701 0.000000 1640.888672 0.000000 0.862642 0.000000 0.505814 0.000000 0.000000 0.000000
3604.968506 0.000000 1407.750122 0.000000 0.952968 0.000000 0.303070 0.000000 0.000000 0.000000
3834.544434 0.000000 1452.532471 0.000000 0.815444 0.000000 0.578837 0.000000 0.000000 0.000000
3585.451416 0.000000 1480.769409 0.000000 0.839699 0.000000 0.543053 0.000000 0.000000 0.000000
3604.968506 0.000000 1577.203247 0.000000 0.919507 0.000000 0.393073 0.000000 0.000000 0.000000
3585.451416 0.000000 1537.253784 0.000000 0.693838 0.000000 0.720131 0.000000 0.000000 0.000000
3732.968506 0.000000 1577.203247 0.000000 0.944394 0.000000 0.328817 0.000000 0.000000 0.000000
3757.516602 0.000000 1539.811401 0.000000 0.783870 0.000000 0.620926 0.000000 0.000000 0.000000
3713.451416 0.000000 1537.253784 0.000000 0.957525 0.000000 0.288351 0.000000 0.000000 0.000000
3834.544434 0.000000 1565.501221 0.000000 0.943360 0.000000 0.331772 0.000000 0.000000 0.000000
3841.451416 0.000000 1367.800659 0.000000 0.872264 0.000000 0.489034 0.000000 0.000000 0.000000
3905.451416 0.000000 1367.800659 0.000000 0.959863 0.000000 0.280469 0.000000 0.000000 0.000000
3962.544434 0.000000 1396.048096 0.000000 0.981564 0.000000 0.191132 0.000000 0.000000 0.000000
3925.705078 0.000000 1382.492676 0.000000 0.951391 0.000000 0.307986 0.000000 0.000000 0.000000
3905.319092 0.000000 1394.513428 0.000000 0.967110 0.000000 0.254358 0.000000 0.000000 0.000000
3942.231201 0.000000 1394.154053 0.000000 0.839138 0.000000 0.543919 0.000000 0.000000 0.000000
4033.451416 0.000000 1367.800659 0.000000 0.937476 0.000000 0.348049 0.000000 0.000000 0.000000
4090.544434 0.000000 1396.048096 0.000000 0.866022 0.000000 0.500006 0.000000 0.000000 0.000000
4070.231201 0.000000 1394.154053 0.000000 0.971534 0.000000 0.236900 0.000000 0.000000 0.000000
4013.516602 0.000000 1426.842651 0.000000 0.947453 0.000000 0.319896 0.000000 0.000000 0.000000
4053.705078 0.000000 1438.977051 0.000000 0.796095 0.000000 0.605172 0.000000 0.000000 0.000000
4070.231201 0.000000 1450.638428 0.000000 0.957640 0.000000 0.287968 0.000000 0.000000 0.000000
3949.516602 0.000000 1483.327026 0.000000 0.952119 0.000000 0.305729 0.000000 0.000000 0.000000
3898.544434 0.000000 1565.501221 0.000000 0.931676 0.000000 0.363291 0.000000 0.000000 0.000000
4026.544434 0.000000 1509.016846 0.000000 0.935422 0.000000 0.353532 0.000000 0.000000 0.000000
4006.231201 0.000000 1507.122803 0.000000 0.710058 0.000000 0.704143 0.000000 0.000000 0.000000
4033.451416 0.000000 1480.769409 0.000000 0.937865 0.000000 0.347000 0.000000 0.000000 0.000000
4053.705078 0.000000 1495.461426 0.000000 0.942565 0.000000 0.334023 0.000000 0.000000 0.000000
4070.231201 0.000000 1507.122803 0.000000 0.822829 0.000000 0.568290 0.000000 0.000000 0.000000
3989.705078 0.000000 1551.945801 0.000000 0.791841 0.000000 0.610727 0.000000 0.000000 0.000000
3996.793701 0.000000 1527.919922 0.000000 0.825164 0.000000 0.564893 0.000000 0.000000 0.000000
4033.451416 0.000000 1537.253784 0.000000 0.856262 0.000000 0.516541 0.000000 0.000000 0.000000
4070.231201 0.000000 1563.607178 0.000000 0.948693 0.000000 0.316198 0.000000 0.000000 0.000000
4060.793701 0.000000 1527.919922 0.000000 0.859553 0.000000 0.511046 0.000000 0.000000 0.000000
3686.231201 0.000000 1620.091553 0.000000 0.670854 0.000000 0.741590 0.000000 0.000000 0.000000
3693.516602 0.000000 1652.780151 0.000000 0.979957 0.000000 0.199207 0.000000 0.000000 0.000000
3649.451416 0.000000 1650.222534 0.000000 0.817850 0.000000 0.575431 0.000000 0.000000 0.000000
3713.319092 0.000000 1620.450928 0.000000 0.956549 0.000000 0.291571 0.000000 0.000000 0.000000
3740.793701 0.000000 1584.404297 0.000000 0.977636 0.000000 0.210306 0.000000 0.000000 0.000000
3777.451416 0.000000 1593.738159 0.000000 0.667449 0.000000 0.744656 0.000000 0.000000 0.000000
3969.451416 0.000000 1593.738159 0.000000 0.674201 0.000000 0.738548 0.000000 0.000000 0.000000
4077.516602 0.000000 1596.295776 0.000000 0.818650 0.000000 0.574292 0.000000 0.000000 0.000000
4033.451416 0.000000 1593.738159 0.000000 0.814785 0.000000 0.579763 0.000000 0.000000 0.000000
4244.968750 0.000000 1238.296997 0.000000 0.987819 0.000000 0.155605 0.000000 0.000000 0.000000
4225.318848 0.000000 1225.060303 0.000000 0.986180 0.000000 0.165675 0.000000 0.000000 0.000000
4097.451172 0.000000 1254.831909 0.000000 0.767371 0.000000 0.641204 0.000000 0.000000 0.000000
4141.516602 0.000000 1313.873901 0.000000 0.875946 0.000000 0.482409 0.000000 0.000000 0.000000
4117.705078 0.000000 1326.008301 0.000000 0.912841 0.000000 0.408315 0.000000 0.000000 0.000000
4269.516602 0.000000 1257.389526 0.000000 0.682036 0.000000 0.731319 0.000000 0.000000 0.000000
4289.451172 0.000000 1254.831909 0.000000 0.804141 0.000000 0.594439 0.000000 0.000000 0.000000
4326.230957 0.000000 1281.185303 0.000000 0.771965 0.000000 0.635665 0.000000 0.000000 0.000000
4372.968750 0.000000 1294.781372 0.000000 0.940127 0.000000 0.340824 0.000000 0.000000 0.000000
4353.451172 0.000000 1311.316284 0.000000 0.678595 0.000000 0.734512 0.000000 0.000000 0.000000
4373.705078 0.000000 1326.008301 0.000000 0.941917 0.000000 0.335847 0.000000 0.000000 0.000000
4097.451172 0.000000 1367.800659 0.000000 0.924724 0.000000 0.380639 0.000000 0.000000 0.000000
4134.230957 0.000000 1394.154053 0.000000 0.816151 0.000000 0.577839 0.000000 0.000000 0.000000
4116.968750 0.000000 1464.234497 0.000000 0.989521 0.000000 0.144392 0.000000 0.000000 0.000000
4097.318848 0.000000 1450.997803 0.000000 0.678634 0.000000 0.734477 0.000000 0.000000 0.000000
4244.968750 0.000000 1464.234497 0.000000 0.925588 0.000000 0.378532 0.000000 0.000000 0.000000
4161.451172 0.000000 1480.769409 0.000000 0.860819 0.000000 0.508910 0.000000 0.000000 0.000000
4134.230957 0.000000 1563.607178 0.000000 0.896328 0.000000 0.443392 0.000000 0.000000 0.000000
4225.451172 0.000000 1480.769409 0.000000 0.787508 0.000000 0.616305 0.000000 0.000000 0.000000
4245.705078 0.000000 1495.461426 0.000000 0.891669 0.000000 0.452689 0.000000 0.000000 0.000000
4333.516602 0.000000 1483.327026 0.000000 0.893497 0.000000 0.449070 0.000000 0.000000 0.000000
4289.451172 0.000000 1480.769409 0.000000 0.808404 0.000000 0.588628 0.000000 0.000000 0.000000
4269.516602 0.000000 1539.811401 0.000000 0.947048 0.000000 0.321093 0.000000 0.000000 0.000000
4309.705078 0.000000 1551.945801 0.000000 0.887560 0.000000 0.460692 0.000000 0.000000 0.000000
4353.451172 0.000000 1367.800659 0.000000 0.829075 0.000000 0.559137 0.000000 0.000000 0.000000
4410.544434 0.000000 1396.048096 0.000000 0.936543 0.000000 0.350553 0.000000 0.000000 0.000000
4353.318848 0.000000 1394.513428 0.000000 0.967719 0.000000 0.252033 0.000000 0.000000 0.000000
4390.230957 0.000000 1394.154053 0.000000 0.967814 0.000000 0.251667 0.000000 0.000000 0.000000
4372.968750 0.000000 1464.234497 0.000000 0.682151 0.000000 0.731212 0.000000 0.000000 0.000000
4397.516602 0.000000 1426.842651 0.000000 0.891035 0.000000 0.453935 0.000000 0.000000 0.000000
4417.318848 0.000000 1450.997803 0.000000 0.726657 0.000000 0.687001 0.000000 0.000000 0.000000
4244.968750 0.000000 1633.687622 0.000000 0.735753 0.000000 0.677250 0.000000 0.000000 0.000000
4309.705078 0.000000 1608.430176 0.000000 0.778278 0.000000 0.627920 0.000000 0.000000 0.000000
"}
object={
	name="european_dynamic_farmland_objects_generator_1_2"
	clamp_to_water_level=no
	render_under_water=no
	generated_content=yes
	layer="farms_dynamic"
	pdxmesh="european_farm_farmhouse_01_mesh"
	count=200
	transform="2618.544434 0.000000 1339.563721 0.000000 0.999999 0.000000 0.001710 0.000000 0.000000 0.000000
2669.516602 0.000000 1313.873901 0.000000 0.962691 0.000000 -0.270601 0.000000 0.000000 0.000000
2652.793701 0.000000 1301.982422 0.000000 0.999568 0.000000 -0.029396 0.000000 0.000000 0.000000
2628.458496 0.000000 1353.606567 0.000000 0.996965 0.000000 0.077849 0.000000 0.000000 0.000000
2631.671631 0.000000 1323.997192 0.000000 0.999577 0.000000 -0.029100 0.000000 0.000000 0.000000
2655.758545 0.000000 1329.300293 0.000000 0.899076 0.000000 -0.437793 0.000000 0.000000 0.000000
2726.231201 0.000000 1281.185303 0.000000 0.976156 0.000000 -0.217071 0.000000 0.000000 0.000000
2746.544434 0.000000 1339.563721 0.000000 0.894071 0.000000 -0.447926 0.000000 0.000000 0.000000
2726.231201 0.000000 1337.669678 0.000000 0.994408 0.000000 0.105610 0.000000 0.000000 0.000000
2702.007324 0.000000 1330.030884 0.000000 0.999956 0.000000 0.009403 0.000000 0.000000 0.000000
2721.210205 0.000000 1344.013916 0.000000 0.996039 0.000000 0.088918 0.000000 0.000000 0.000000
2773.705078 0.000000 1326.008301 0.000000 0.995194 0.000000 -0.097924 0.000000 0.000000 0.000000
2836.968506 0.000000 1238.296997 0.000000 0.966321 0.000000 -0.257338 0.000000 0.000000 0.000000
2938.544434 0.000000 1226.594971 0.000000 0.995385 0.000000 0.095958 0.000000 0.000000 0.000000
2945.451416 0.000000 1198.347534 0.000000 0.998313 0.000000 -0.058058 0.000000 0.000000 0.000000
2938.544434 0.000000 1283.079346 0.000000 0.982312 0.000000 -0.187251 0.000000 0.000000 0.000000
2989.516602 0.000000 1313.873901 0.000000 0.973128 0.000000 -0.230264 0.000000 0.000000 0.000000
2516.968506 0.000000 1464.234497 0.000000 0.977551 0.000000 -0.210700 0.000000 0.000000 0.000000
2480.205322 0.000000 1525.052490 0.000000 0.870884 0.000000 -0.491488 0.000000 0.000000 0.000000
2554.544434 0.000000 1509.016846 0.000000 0.861700 0.000000 -0.507418 0.000000 0.000000 0.000000
2517.705078 0.000000 1495.461426 0.000000 0.997024 0.000000 -0.077090 0.000000 0.000000 0.000000
2500.458496 0.000000 1523.059692 0.000000 0.995562 0.000000 -0.094106 0.000000 0.000000 0.000000
2559.957764 0.000000 1489.492798 0.000000 0.982531 0.000000 -0.186101 0.000000 0.000000 0.000000
2497.451416 0.000000 1537.253784 0.000000 0.923820 0.000000 -0.382828 0.000000 0.000000 0.000000
2554.544434 0.000000 1565.501221 0.000000 0.994011 0.000000 -0.109276 0.000000 0.000000 0.000000
2534.231201 0.000000 1563.607178 0.000000 0.900990 0.000000 -0.433839 0.000000 0.000000 0.000000
2508.978516 0.000000 1525.814087 0.000000 0.883012 0.000000 -0.469350 0.000000 0.000000 0.000000
2561.451416 0.000000 1367.800659 0.000000 0.998855 0.000000 0.047837 0.000000 0.000000 0.000000
2564.458496 0.000000 1410.090942 0.000000 0.993417 0.000000 -0.114554 0.000000 0.000000 0.000000
2623.957764 0.000000 1376.524048 0.000000 0.998363 0.000000 -0.057192 0.000000 0.000000 0.000000
2631.979980 0.000000 1397.760254 0.000000 0.852824 0.000000 -0.522199 0.000000 0.000000 0.000000
2658.015137 0.000000 1376.120483 0.000000 0.998322 0.000000 0.057906 0.000000 0.000000 0.000000
2581.705078 0.000000 1438.977051 0.000000 0.996197 0.000000 -0.087130 0.000000 0.000000 0.000000
2561.319092 0.000000 1450.997803 0.000000 0.997215 0.000000 0.074582 0.000000 0.000000 0.000000
2567.671631 0.000000 1436.965942 0.000000 0.867495 0.000000 -0.497445 0.000000 0.000000 0.000000
2578.127686 0.000000 1425.385376 0.000000 0.993633 0.000000 0.112664 0.000000 0.000000 0.000000
2645.705078 0.000000 1438.977051 0.000000 0.998815 0.000000 -0.048671 0.000000 0.000000 0.000000
2673.272949 0.000000 1445.734253 0.000000 0.991661 0.000000 0.128870 0.000000 0.000000 0.000000
2694.424561 0.000000 1375.985107 0.000000 0.979858 0.000000 -0.199696 0.000000 0.000000 0.000000
2739.214111 0.000000 1401.882202 0.000000 0.999981 0.000000 0.006123 0.000000 0.000000 0.000000
2711.293701 0.000000 1379.189819 0.000000 0.999996 0.000000 0.002816 0.000000 0.000000 0.000000
2797.516602 0.000000 1370.358276 0.000000 0.991928 0.000000 0.126800 0.000000 0.000000 0.000000
2773.705078 0.000000 1382.492676 0.000000 0.981988 0.000000 -0.188946 0.000000 0.000000 0.000000
2756.032471 0.000000 1387.236572 0.000000 0.975815 0.000000 -0.218597 0.000000 0.000000 0.000000
2703.831299 0.000000 1416.281250 0.000000 0.990018 0.000000 0.140938 0.000000 0.000000 0.000000
2578.127686 0.000000 1481.869751 0.000000 0.977594 0.000000 -0.210500 0.000000 0.000000 0.000000
2662.231201 0.000000 1507.122803 0.000000 0.942764 0.000000 -0.333459 0.000000 0.000000 0.000000
2581.705078 0.000000 1551.945801 0.000000 0.993917 0.000000 -0.110134 0.000000 0.000000 0.000000
2561.319092 0.000000 1563.966553 0.000000 0.881510 0.000000 -0.472165 0.000000 0.000000 0.000000
2644.968506 0.000000 1577.203247 0.000000 0.913067 0.000000 -0.407810 0.000000 0.000000 0.000000
2645.705078 0.000000 1551.945801 0.000000 0.993805 0.000000 -0.111138 0.000000 0.000000 0.000000
2625.319092 0.000000 1563.966553 0.000000 0.999890 0.000000 -0.014805 0.000000 0.000000 0.000000
2652.793701 0.000000 1527.919922 0.000000 0.845565 0.000000 -0.533872 0.000000 0.000000 0.000000
3412.968506 0.000000 1068.843872 0.000000 0.887931 0.000000 -0.459977 0.000000 0.000000 0.000000
3413.705078 0.000000 1100.070801 0.000000 0.927637 0.000000 -0.373482 0.000000 0.000000 0.000000
3393.319092 0.000000 1112.091553 0.000000 0.941525 0.000000 -0.336943 0.000000 0.000000 0.000000
3501.516602 0.000000 1031.452026 0.000000 0.890742 0.000000 -0.454510 0.000000 0.000000 0.000000
3540.968506 0.000000 1068.843872 0.000000 0.994346 0.000000 -0.106185 0.000000 0.000000 0.000000
3565.516602 0.000000 1031.452026 0.000000 0.999958 0.000000 -0.009209 0.000000 0.000000 0.000000
3476.968506 0.000000 1125.328247 0.000000 0.984456 0.000000 -0.175634 0.000000 0.000000 0.000000
3373.516602 0.000000 1144.420776 0.000000 0.996188 0.000000 0.087229 0.000000 0.000000 0.000000
3412.968506 0.000000 1181.812622 0.000000 0.993958 0.000000 -0.109762 0.000000 0.000000 0.000000
3430.231201 0.000000 1168.216553 0.000000 0.998134 0.000000 0.061061 0.000000 0.000000 0.000000
3420.793701 0.000000 1132.529297 0.000000 0.905827 0.000000 -0.423648 0.000000 0.000000 0.000000
3484.793701 0.000000 1132.529297 0.000000 0.999692 0.000000 0.024835 0.000000 0.000000 0.000000
3521.319092 0.000000 1168.575928 0.000000 0.931554 0.000000 -0.363602 0.000000 0.000000 0.000000
3558.231201 0.000000 1168.216553 0.000000 0.984343 0.000000 -0.176262 0.000000 0.000000 0.000000
3521.451416 0.000000 1198.347534 0.000000 0.998242 0.000000 -0.059267 0.000000 0.000000 0.000000
3521.319092 0.000000 1225.060303 0.000000 0.967549 0.000000 -0.252684 0.000000 0.000000 0.000000
3349.705078 0.000000 1269.523926 0.000000 0.953291 0.000000 -0.302054 0.000000 0.000000 0.000000
3430.231201 0.000000 1281.185303 0.000000 0.902049 0.000000 -0.431635 0.000000 0.000000 0.000000
3450.544434 0.000000 1339.563721 0.000000 0.973740 0.000000 -0.227663 0.000000 0.000000 0.000000
3476.968506 0.000000 1294.781372 0.000000 0.968168 0.000000 -0.250302 0.000000 0.000000 0.000000
3457.451416 0.000000 1254.831909 0.000000 0.869290 0.000000 -0.494302 0.000000 0.000000 0.000000
3484.793701 0.000000 1245.498047 0.000000 0.942384 0.000000 -0.334532 0.000000 0.000000 0.000000
3541.705078 0.000000 1269.523926 0.000000 0.959237 0.000000 -0.282601 0.000000 0.000000 0.000000
3558.231201 0.000000 1281.185303 0.000000 0.954353 0.000000 -0.298680 0.000000 0.000000 0.000000
3642.544434 0.000000 1057.141846 0.000000 0.974386 0.000000 -0.224883 0.000000 0.000000 0.000000
3622.231201 0.000000 1111.732178 0.000000 0.997599 0.000000 0.069260 0.000000 0.000000 0.000000
3693.516602 0.000000 1087.936401 0.000000 0.933825 0.000000 -0.357731 0.000000 0.000000 0.000000
3686.231201 0.000000 1111.732178 0.000000 0.992525 0.000000 -0.122042 0.000000 0.000000 0.000000
3693.516602 0.000000 1144.420776 0.000000 0.996818 0.000000 0.079709 0.000000 0.000000 0.000000
3706.544434 0.000000 1170.110596 0.000000 0.853228 0.000000 -0.521538 0.000000 0.000000 0.000000
3585.451416 0.000000 1198.347534 0.000000 0.999895 0.000000 -0.014485 0.000000 0.000000 0.000000
3605.705078 0.000000 1213.039551 0.000000 0.961519 0.000000 -0.274739 0.000000 0.000000 0.000000
3622.231201 0.000000 1224.700928 0.000000 0.996580 0.000000 -0.082635 0.000000 0.000000 0.000000
3693.516602 0.000000 1200.905151 0.000000 0.993720 0.000000 -0.111892 0.000000 0.000000 0.000000
3686.231201 0.000000 1224.700928 0.000000 0.992141 0.000000 0.125123 0.000000 0.000000 0.000000
3834.544434 0.000000 1170.110596 0.000000 0.901254 0.000000 -0.433292 0.000000 0.000000 0.000000
3814.231201 0.000000 1168.216553 0.000000 0.996447 0.000000 -0.084218 0.000000 0.000000 0.000000
3732.968506 0.000000 1238.296997 0.000000 0.967786 0.000000 -0.251774 0.000000 0.000000 0.000000
3733.705078 0.000000 1213.039551 0.000000 0.883911 0.000000 -0.467654 0.000000 0.000000 0.000000
3642.544434 0.000000 1283.079346 0.000000 0.999926 0.000000 0.012183 0.000000 0.000000 0.000000
3605.705078 0.000000 1269.523926 0.000000 0.990877 0.000000 -0.134770 0.000000 0.000000 0.000000
3649.451416 0.000000 1254.831909 0.000000 0.998471 0.000000 -0.055270 0.000000 0.000000 0.000000
3585.451416 0.000000 1311.316284 0.000000 0.992078 0.000000 0.125623 0.000000 0.000000 0.000000
3860.968506 0.000000 1181.812622 0.000000 0.996868 0.000000 -0.079081 0.000000 0.000000 0.000000
3841.451416 0.000000 1141.863159 0.000000 0.855836 0.000000 -0.517247 0.000000 0.000000 0.000000
4013.516602 0.000000 1200.905151 0.000000 0.866962 0.000000 -0.498375 0.000000 0.000000 0.000000
3942.231201 0.000000 1281.185303 0.000000 0.988585 0.000000 -0.150666 0.000000 0.000000 0.000000
3860.968506 0.000000 1351.265747 0.000000 0.865654 0.000000 -0.500643 0.000000 0.000000 0.000000
3988.968506 0.000000 1294.781372 0.000000 0.910736 0.000000 -0.412989 0.000000 0.000000 0.000000
3969.319092 0.000000 1281.544678 0.000000 0.981665 0.000000 -0.190616 0.000000 0.000000 0.000000
4053.705078 0.000000 1269.523926 0.000000 0.938006 0.000000 -0.346619 0.000000 0.000000 0.000000
4013.516602 0.000000 1313.873901 0.000000 0.920680 0.000000 -0.390319 0.000000 0.000000 0.000000
3969.451416 0.000000 1311.316284 0.000000 0.952512 0.000000 -0.304500 0.000000 0.000000 0.000000
4090.544434 0.000000 1339.563721 0.000000 0.936420 0.000000 -0.350880 0.000000 0.000000 0.000000
3412.968506 0.000000 1464.234497 0.000000 0.916103 0.000000 -0.400943 0.000000 0.000000 0.000000
3393.319092 0.000000 1450.997803 0.000000 0.947961 0.000000 -0.318388 0.000000 0.000000 0.000000
3430.231201 0.000000 1450.638428 0.000000 0.997068 0.000000 -0.076520 0.000000 0.000000 0.000000
3484.793701 0.000000 1358.466797 0.000000 0.952396 0.000000 -0.304864 0.000000 0.000000 0.000000
3476.968506 0.000000 1464.234497 0.000000 0.999146 0.000000 0.041309 0.000000 0.000000 0.000000
3457.319092 0.000000 1450.997803 0.000000 0.999498 0.000000 -0.031680 0.000000 0.000000 0.000000
3565.516602 0.000000 1426.842651 0.000000 0.854010 0.000000 -0.520256 0.000000 0.000000 0.000000
3373.516602 0.000000 1539.811401 0.000000 0.896214 0.000000 -0.443622 0.000000 0.000000 0.000000
3366.231201 0.000000 1563.607178 0.000000 0.977683 0.000000 -0.210085 0.000000 0.000000 0.000000
3430.231201 0.000000 1563.607178 0.000000 0.842473 0.000000 -0.538738 0.000000 0.000000 0.000000
3565.516602 0.000000 1483.327026 0.000000 0.989564 0.000000 -0.144097 0.000000 0.000000 0.000000
3521.451416 0.000000 1480.769409 0.000000 0.952659 0.000000 -0.304040 0.000000 0.000000 0.000000
3476.968506 0.000000 1577.203247 0.000000 0.918100 0.000000 -0.396348 0.000000 0.000000 0.000000
3457.451416 0.000000 1537.253784 0.000000 0.998987 0.000000 -0.044991 0.000000 0.000000 0.000000
3373.516602 0.000000 1596.295776 0.000000 0.859222 0.000000 -0.511603 0.000000 0.000000 0.000000
3437.516602 0.000000 1596.295776 0.000000 0.871660 0.000000 -0.490112 0.000000 0.000000 0.000000
3450.544434 0.000000 1621.985596 0.000000 0.997212 0.000000 -0.074626 0.000000 0.000000 0.000000
3373.516602 0.000000 1652.780151 0.000000 0.998682 0.000000 -0.051316 0.000000 0.000000 0.000000
3484.793701 0.000000 1584.404297 0.000000 0.973376 0.000000 -0.229214 0.000000 0.000000 0.000000
3541.705078 0.000000 1608.430176 0.000000 0.999779 0.000000 0.021032 0.000000 0.000000 0.000000
3521.319092 0.000000 1620.450928 0.000000 0.976607 0.000000 -0.215032 0.000000 0.000000 0.000000
3548.793701 0.000000 1584.404297 0.000000 0.888206 0.000000 -0.459445 0.000000 0.000000 0.000000
3585.451416 0.000000 1424.285034 0.000000 0.999994 0.000000 0.003471 0.000000 0.000000 0.000000
3629.516602 0.000000 1483.327026 0.000000 0.978086 0.000000 -0.208201 0.000000 0.000000 0.000000
3605.705078 0.000000 1495.461426 0.000000 0.882948 0.000000 -0.469471 0.000000 0.000000 0.000000
3757.516602 0.000000 1483.327026 0.000000 0.931524 0.000000 -0.363680 0.000000 0.000000 0.000000
3750.231201 0.000000 1507.122803 0.000000 0.937098 0.000000 -0.349066 0.000000 0.000000 0.000000
3777.451416 0.000000 1537.253784 0.000000 0.935719 0.000000 -0.352747 0.000000 0.000000 0.000000
3898.544434 0.000000 1452.532471 0.000000 0.846468 0.000000 -0.532440 0.000000 0.000000 0.000000
3949.516602 0.000000 1426.842651 0.000000 0.891863 0.000000 -0.452306 0.000000 0.000000 0.000000
3905.451416 0.000000 1424.285034 0.000000 0.995088 0.000000 -0.098998 0.000000 0.000000 0.000000
3962.544434 0.000000 1452.532471 0.000000 0.843959 0.000000 -0.536407 0.000000 0.000000 0.000000
3942.231201 0.000000 1450.638428 0.000000 0.922209 0.000000 -0.386691 0.000000 0.000000 0.000000
3969.319092 0.000000 1394.513428 0.000000 0.999864 0.000000 0.016480 0.000000 0.000000 0.000000
3988.968506 0.000000 1464.234497 0.000000 0.894849 0.000000 -0.446370 0.000000 0.000000 0.000000
4026.544434 0.000000 1452.532471 0.000000 0.959365 0.000000 -0.282167 0.000000 0.000000 0.000000
3924.968506 0.000000 1520.718872 0.000000 0.989456 0.000000 -0.144835 0.000000 0.000000 0.000000
3841.451416 0.000000 1537.253784 0.000000 0.955892 0.000000 -0.293718 0.000000 0.000000 0.000000
3905.451416 0.000000 1537.253784 0.000000 0.975918 0.000000 -0.218139 0.000000 0.000000 0.000000
3925.705078 0.000000 1551.945801 0.000000 0.873849 0.000000 -0.486197 0.000000 0.000000 0.000000
3988.968506 0.000000 1520.718872 0.000000 0.861778 0.000000 -0.507286 0.000000 0.000000 0.000000
4013.516602 0.000000 1483.327026 0.000000 0.992624 0.000000 -0.121236 0.000000 0.000000 0.000000
4052.968506 0.000000 1520.718872 0.000000 0.888755 0.000000 -0.458382 0.000000 0.000000 0.000000
4090.544434 0.000000 1509.016846 0.000000 0.997168 0.000000 -0.075212 0.000000 0.000000 0.000000
4053.705078 0.000000 1551.945801 0.000000 0.878132 0.000000 -0.478419 0.000000 0.000000 0.000000
3604.968506 0.000000 1633.687622 0.000000 0.891423 0.000000 -0.453171 0.000000 0.000000 0.000000
3585.451416 0.000000 1593.738159 0.000000 0.991560 0.000000 -0.129652 0.000000 0.000000 0.000000
3706.544434 0.000000 1621.985596 0.000000 0.856625 0.000000 -0.515939 0.000000 0.000000 0.000000
3669.705078 0.000000 1608.430176 0.000000 0.999989 0.000000 0.004590 0.000000 0.000000 0.000000
3757.516602 0.000000 1596.295776 0.000000 0.871859 0.000000 -0.489757 0.000000 0.000000 0.000000
3821.516602 0.000000 1596.295776 0.000000 0.882872 0.000000 -0.469615 0.000000 0.000000 0.000000
3949.516602 0.000000 1596.295776 0.000000 0.883286 0.000000 -0.468835 0.000000 0.000000 0.000000
3932.793701 0.000000 1584.404297 0.000000 0.879517 0.000000 -0.475867 0.000000 0.000000 0.000000
4180.968750 0.000000 1238.296997 0.000000 0.959464 0.000000 -0.281832 0.000000 0.000000 0.000000
4205.516602 0.000000 1200.905151 0.000000 0.857287 0.000000 -0.514839 0.000000 0.000000 0.000000
4218.544434 0.000000 1226.594971 0.000000 0.993569 0.000000 -0.113225 0.000000 0.000000 0.000000
4181.705078 0.000000 1213.039551 0.000000 0.996900 0.000000 0.078681 0.000000 0.000000 0.000000
4116.968750 0.000000 1294.781372 0.000000 0.851712 0.000000 -0.524010 0.000000 0.000000 0.000000
4116.968750 0.000000 1351.265747 0.000000 0.929111 0.000000 -0.369802 0.000000 0.000000 0.000000
4252.793945 0.000000 1245.498047 0.000000 0.922104 0.000000 -0.386943 0.000000 0.000000 0.000000
4308.968750 0.000000 1294.781372 0.000000 0.994821 0.000000 -0.101644 0.000000 0.000000 0.000000
4333.516602 0.000000 1257.389526 0.000000 0.891292 0.000000 -0.453430 0.000000 0.000000 0.000000
4333.516602 0.000000 1313.873901 0.000000 0.885165 0.000000 -0.465277 0.000000 0.000000 0.000000
4309.705078 0.000000 1326.008301 0.000000 0.882714 0.000000 -0.469911 0.000000 0.000000 0.000000
4326.230957 0.000000 1337.669678 0.000000 0.981378 0.000000 -0.192086 0.000000 0.000000 0.000000
4353.318848 0.000000 1281.544678 0.000000 0.997968 0.000000 0.063714 0.000000 0.000000 0.000000
4097.318848 0.000000 1394.513428 0.000000 0.939178 0.000000 -0.343430 0.000000 0.000000 0.000000
4097.451172 0.000000 1424.285034 0.000000 0.995512 0.000000 0.094637 0.000000 0.000000 0.000000
4144.205566 0.000000 1468.568115 0.000000 0.853689 0.000000 -0.520783 0.000000 0.000000 0.000000
4333.516602 0.000000 1370.358276 0.000000 0.955908 0.000000 -0.293667 0.000000 0.000000 0.000000
4116.968750 0.000000 1520.718872 0.000000 0.888931 0.000000 -0.458041 0.000000 0.000000 0.000000
4097.451172 0.000000 1480.769409 0.000000 0.968683 0.000000 -0.248302 0.000000 0.000000 0.000000
4154.544434 0.000000 1509.016846 0.000000 0.988511 0.000000 -0.151148 0.000000 0.000000 0.000000
4097.318848 0.000000 1507.482178 0.000000 0.992804 0.000000 -0.119754 0.000000 0.000000 0.000000
4180.968750 0.000000 1520.718872 0.000000 0.993576 0.000000 0.113162 0.000000 0.000000 0.000000
4188.793945 0.000000 1471.435547 0.000000 0.997815 0.000000 0.066076 0.000000 0.000000 0.000000
4117.705078 0.000000 1551.945801 0.000000 0.849418 0.000000 -0.527721 0.000000 0.000000 0.000000
4124.793945 0.000000 1527.919922 0.000000 0.988852 0.000000 -0.148899 0.000000 0.000000 0.000000
4181.705078 0.000000 1551.945801 0.000000 0.988530 0.000000 -0.151028 0.000000 0.000000 0.000000
4161.318848 0.000000 1563.966553 0.000000 0.889595 0.000000 -0.456750 0.000000 0.000000 0.000000
4225.318848 0.000000 1507.482178 0.000000 0.983954 0.000000 -0.178425 0.000000 0.000000 0.000000
4316.793945 0.000000 1471.435547 0.000000 0.993804 0.000000 0.111143 0.000000 0.000000 0.000000
4244.968750 0.000000 1577.203247 0.000000 0.967404 0.000000 -0.253237 0.000000 0.000000 0.000000
4252.793945 0.000000 1527.919922 0.000000 1.000000 0.000000 0.000536 0.000000 0.000000 0.000000
4308.968750 0.000000 1577.203247 0.000000 0.992350 0.000000 0.123457 0.000000 0.000000 0.000000
4289.318848 0.000000 1563.966553 0.000000 0.949844 0.000000 -0.312723 0.000000 0.000000 0.000000
4372.968750 0.000000 1407.750122 0.000000 0.845080 0.000000 -0.534639 0.000000 0.000000 0.000000
4373.705078 0.000000 1382.492676 0.000000 0.954168 0.000000 -0.299272 0.000000 0.000000 0.000000
4380.793945 0.000000 1414.951172 0.000000 0.966945 0.000000 -0.254986 0.000000 0.000000 0.000000
4417.451172 0.000000 1424.285034 0.000000 0.960012 0.000000 -0.279959 0.000000 0.000000 0.000000
4097.451172 0.000000 1593.738159 0.000000 0.999892 0.000000 0.014687 0.000000 0.000000 0.000000
4308.968750 0.000000 1633.687622 0.000000 0.871993 0.000000 -0.489519 0.000000 0.000000 0.000000
4289.451172 0.000000 1593.738159 0.000000 0.999444 0.000000 0.033334 0.000000 0.000000 0.000000
"}
object={
	name="european_dynamic_farmland_objects_generator_1_3"
	clamp_to_water_level=no
	render_under_water=no
	generated_content=yes
	layer="farms_dynamic"
	pdxmesh="european_farm_farmhouse_02_mesh"
	count=196
	transform="2682.544434 0.000000 1283.079346 0.000000 0.614896 0.000000 -0.788608 0.000000 0.000000 0.000000
2662.231201 0.000000 1281.185303 0.000000 0.639561 0.000000 -0.768740 0.000000 0.000000 0.000000
2581.705078 0.000000 1326.008301 0.000000 0.535141 0.000000 -0.844763 0.000000 0.000000 0.000000
2639.130859 0.000000 1338.512451 0.000000 0.678093 0.000000 -0.734976 0.000000 0.000000 0.000000
2746.544434 0.000000 1283.079346 0.000000 0.417042 0.000000 -0.908887 0.000000 0.000000 0.000000
2689.451416 0.000000 1311.316284 0.000000 0.777107 0.000000 -0.629368 0.000000 0.000000 0.000000
2716.793701 0.000000 1301.982422 0.000000 0.822681 0.000000 -0.568503 0.000000 0.000000 0.000000
2772.968506 0.000000 1351.265747 0.000000 0.629803 0.000000 -0.776755 0.000000 0.000000 0.000000
2797.516602 0.000000 1313.873901 0.000000 0.722737 0.000000 -0.691123 0.000000 0.000000 0.000000
2753.319092 0.000000 1338.029053 0.000000 0.692278 0.000000 -0.721631 0.000000 0.000000 0.000000
2861.516602 0.000000 1200.905151 0.000000 0.496897 0.000000 -0.867809 0.000000 0.000000 0.000000
2900.968506 0.000000 1238.296997 0.000000 0.703989 0.000000 -0.710211 0.000000 0.000000 0.000000
2945.451416 0.000000 1254.831909 0.000000 0.824738 0.000000 -0.565515 0.000000 0.000000 0.000000
2541.516602 0.000000 1426.842651 0.000000 0.314631 0.000000 -0.949214 0.000000 0.000000 0.000000
2544.205322 0.000000 1468.568115 0.000000 0.824343 0.000000 -0.566091 0.000000 0.000000 0.000000
2552.065674 0.000000 1437.471924 0.000000 0.464581 0.000000 -0.885530 0.000000 0.000000 0.000000
2524.793701 0.000000 1471.435547 0.000000 0.317966 0.000000 -0.948102 0.000000 0.000000 0.000000
2537.563477 0.000000 1495.084717 0.000000 0.575869 0.000000 -0.817542 0.000000 0.000000 0.000000
2543.722412 0.000000 1512.913452 0.000000 0.439252 0.000000 -0.898364 0.000000 0.000000 0.000000
2490.544434 0.000000 1565.501221 0.000000 0.443123 0.000000 -0.896461 0.000000 0.000000 0.000000
2490.807129 0.000000 1531.732666 0.000000 0.474503 0.000000 -0.880254 0.000000 0.000000 0.000000
2503.671631 0.000000 1549.934692 0.000000 0.576691 0.000000 -0.816963 0.000000 0.000000 0.000000
2527.453613 0.000000 1541.808228 0.000000 0.774293 0.000000 -0.632827 0.000000 0.000000 0.000000
2581.705078 0.000000 1382.492676 0.000000 0.404442 0.000000 -0.914564 0.000000 0.000000 0.000000
2601.563477 0.000000 1382.115967 0.000000 0.607780 0.000000 -0.794105 0.000000 0.000000 0.000000
2618.544434 0.000000 1452.532471 0.000000 0.531059 0.000000 -0.847335 0.000000 0.000000 0.000000
2598.231201 0.000000 1450.638428 0.000000 0.470059 0.000000 -0.882635 0.000000 0.000000 0.000000
2625.451416 0.000000 1424.285034 0.000000 0.297461 0.000000 -0.954734 0.000000 0.000000 0.000000
2672.541992 0.000000 1434.694580 0.000000 0.823240 0.000000 -0.567694 0.000000 0.000000 0.000000
2678.173828 0.000000 1418.293579 0.000000 0.486924 0.000000 -0.873444 0.000000 0.000000 0.000000
2682.385010 0.000000 1414.701416 0.000000 0.750454 0.000000 -0.660922 0.000000 0.000000 0.000000
2733.375000 0.000000 1380.546631 0.000000 0.811410 0.000000 -0.584477 0.000000 0.000000 0.000000
2732.376709 0.000000 1401.892700 0.000000 0.689229 0.000000 -0.724543 0.000000 0.000000 0.000000
2717.530273 0.000000 1382.917358 0.000000 0.319548 0.000000 -0.947570 0.000000 0.000000 0.000000
2764.978516 0.000000 1356.360962 0.000000 0.728148 0.000000 -0.685420 0.000000 0.000000 0.000000
2744.065674 0.000000 1437.471924 0.000000 0.669405 0.000000 -0.742897 0.000000 0.000000 0.000000
2581.705078 0.000000 1495.461426 0.000000 0.748372 0.000000 -0.663279 0.000000 0.000000 0.000000
2561.319092 0.000000 1507.482178 0.000000 0.318365 0.000000 -0.947968 0.000000 0.000000 0.000000
2588.793701 0.000000 1471.435547 0.000000 0.293314 0.000000 -0.956016 0.000000 0.000000 0.000000
2564.458496 0.000000 1523.059692 0.000000 0.528468 0.000000 -0.848953 0.000000 0.000000 0.000000
2586.979736 0.000000 1510.426514 0.000000 0.605641 0.000000 -0.795738 0.000000 0.000000 0.000000
2625.451416 0.000000 1480.769409 0.000000 0.670530 0.000000 -0.741882 0.000000 0.000000 0.000000
2645.705078 0.000000 1495.461426 0.000000 0.732585 0.000000 -0.680675 0.000000 0.000000 0.000000
2580.968506 0.000000 1577.203247 0.000000 0.811817 0.000000 -0.583912 0.000000 0.000000 0.000000
2561.451416 0.000000 1537.253784 0.000000 0.733000 0.000000 -0.680228 0.000000 0.000000 0.000000
2618.544434 0.000000 1565.501221 0.000000 0.283350 0.000000 -0.959017 0.000000 0.000000 0.000000
2588.793701 0.000000 1527.919922 0.000000 0.563460 0.000000 -0.826144 0.000000 0.000000 0.000000
2662.231201 0.000000 1563.607178 0.000000 0.351939 0.000000 -0.936023 0.000000 0.000000 0.000000
3476.968506 0.000000 1012.359497 0.000000 0.472669 0.000000 -0.881240 0.000000 0.000000 0.000000
3386.544434 0.000000 1113.626221 0.000000 0.548068 0.000000 -0.836433 0.000000 0.000000 0.000000
3541.705078 0.000000 1043.586426 0.000000 0.815654 0.000000 -0.578541 0.000000 0.000000 0.000000
3521.319092 0.000000 1055.607178 0.000000 0.634009 0.000000 -0.773325 0.000000 0.000000 0.000000
3457.451416 0.000000 1085.378784 0.000000 0.527764 0.000000 -0.849391 0.000000 0.000000 0.000000
3457.319092 0.000000 1112.091553 0.000000 0.827854 0.000000 -0.560944 0.000000 0.000000 0.000000
3386.544434 0.000000 1170.110596 0.000000 0.827421 0.000000 -0.561582 0.000000 0.000000 0.000000
3393.451416 0.000000 1141.863159 0.000000 0.666494 0.000000 -0.745511 0.000000 0.000000 0.000000
3393.319092 0.000000 1168.575928 0.000000 0.342491 0.000000 -0.939521 0.000000 0.000000 0.000000
3437.516602 0.000000 1200.905151 0.000000 0.459562 0.000000 -0.888146 0.000000 0.000000 0.000000
3450.544434 0.000000 1226.594971 0.000000 0.548008 0.000000 -0.836473 0.000000 0.000000 0.000000
3393.319092 0.000000 1225.060303 0.000000 0.672057 0.000000 -0.740499 0.000000 0.000000 0.000000
3457.451416 0.000000 1141.863159 0.000000 0.554583 0.000000 -0.832129 0.000000 0.000000 0.000000
3477.705078 0.000000 1156.555176 0.000000 0.332773 0.000000 -0.943007 0.000000 0.000000 0.000000
3494.231201 0.000000 1168.216553 0.000000 0.470774 0.000000 -0.882254 0.000000 0.000000 0.000000
3578.544434 0.000000 1170.110596 0.000000 0.629666 0.000000 -0.776866 0.000000 0.000000 0.000000
3476.968506 0.000000 1238.296997 0.000000 0.806029 0.000000 -0.591875 0.000000 0.000000 0.000000
3501.516602 0.000000 1200.905151 0.000000 0.292397 0.000000 -0.956297 0.000000 0.000000 0.000000
3457.319092 0.000000 1225.060303 0.000000 0.464269 0.000000 -0.885694 0.000000 0.000000 0.000000
3578.544434 0.000000 1226.594971 0.000000 0.451767 0.000000 -0.892136 0.000000 0.000000 0.000000
3348.968506 0.000000 1294.781372 0.000000 0.696931 0.000000 -0.717138 0.000000 0.000000 0.000000
3412.968506 0.000000 1294.781372 0.000000 0.410289 0.000000 -0.911955 0.000000 0.000000 0.000000
3413.705078 0.000000 1269.523926 0.000000 0.301406 0.000000 -0.953496 0.000000 0.000000 0.000000
3457.319092 0.000000 1281.544678 0.000000 0.509722 0.000000 -0.860339 0.000000 0.000000 0.000000
3494.231201 0.000000 1281.185303 0.000000 0.787323 0.000000 -0.616541 0.000000 0.000000 0.000000
3540.968506 0.000000 1294.781372 0.000000 0.436472 0.000000 -0.899718 0.000000 0.000000 0.000000
3477.705078 0.000000 1326.008301 0.000000 0.620797 0.000000 -0.783972 0.000000 0.000000 0.000000
3605.705078 0.000000 1043.586426 0.000000 0.462678 0.000000 -0.886526 0.000000 0.000000 0.000000
3622.231201 0.000000 1055.247803 0.000000 0.642172 0.000000 -0.766561 0.000000 0.000000 0.000000
3642.544434 0.000000 1113.626221 0.000000 0.742858 0.000000 -0.669449 0.000000 0.000000 0.000000
3668.968506 0.000000 1125.328247 0.000000 0.831306 0.000000 -0.555814 0.000000 0.000000 0.000000
3706.544434 0.000000 1113.626221 0.000000 0.833432 0.000000 -0.552622 0.000000 0.000000 0.000000
3750.231201 0.000000 1111.732178 0.000000 0.729526 0.000000 -0.683953 0.000000 0.000000 0.000000
3760.205322 0.000000 1129.661865 0.000000 0.578129 0.000000 -0.815945 0.000000 0.000000 0.000000
3796.968506 0.000000 1125.328247 0.000000 0.450238 0.000000 -0.892908 0.000000 0.000000 0.000000
3622.231201 0.000000 1168.216553 0.000000 0.771080 0.000000 -0.636738 0.000000 0.000000 0.000000
3669.705078 0.000000 1156.555176 0.000000 0.831436 0.000000 -0.555620 0.000000 0.000000 0.000000
3604.968506 0.000000 1238.296997 0.000000 0.707494 0.000000 -0.706720 0.000000 0.000000 0.000000
3642.544434 0.000000 1226.594971 0.000000 0.447953 0.000000 -0.894057 0.000000 0.000000 0.000000
3612.793701 0.000000 1189.013672 0.000000 0.578515 0.000000 -0.815672 0.000000 0.000000 0.000000
3649.319092 0.000000 1225.060303 0.000000 0.525655 0.000000 -0.850698 0.000000 0.000000 0.000000
3770.544434 0.000000 1170.110596 0.000000 0.840257 0.000000 -0.542189 0.000000 0.000000 0.000000
3821.516602 0.000000 1144.420776 0.000000 0.748965 0.000000 -0.662610 0.000000 0.000000 0.000000
3750.231201 0.000000 1224.700928 0.000000 0.780550 0.000000 -0.625093 0.000000 0.000000 0.000000
3821.516602 0.000000 1200.905151 0.000000 0.395097 0.000000 -0.918640 0.000000 0.000000 0.000000
3585.451416 0.000000 1254.831909 0.000000 0.772001 0.000000 -0.635621 0.000000 0.000000 0.000000
3693.516602 0.000000 1257.389526 0.000000 0.603269 0.000000 -0.797538 0.000000 0.000000 0.000000
3969.451416 0.000000 1141.863159 0.000000 0.755444 0.000000 -0.655214 0.000000 0.000000 0.000000
4077.516602 0.000000 1144.420776 0.000000 0.836212 0.000000 -0.548406 0.000000 0.000000 0.000000
4070.231201 0.000000 1168.216553 0.000000 0.715469 0.000000 -0.698645 0.000000 0.000000 0.000000
3969.451416 0.000000 1198.347534 0.000000 0.500184 0.000000 -0.865919 0.000000 0.000000 0.000000
4077.516602 0.000000 1200.905151 0.000000 0.407275 0.000000 -0.913306 0.000000 0.000000 0.000000
3898.544434 0.000000 1283.079346 0.000000 0.562189 0.000000 -0.827009 0.000000 0.000000 0.000000
3924.968506 0.000000 1294.781372 0.000000 0.294843 0.000000 -0.955546 0.000000 0.000000 0.000000
3962.544434 0.000000 1283.079346 0.000000 0.371580 0.000000 -0.928401 0.000000 0.000000 0.000000
3885.516602 0.000000 1313.873901 0.000000 0.394465 0.000000 -0.918911 0.000000 0.000000 0.000000
3924.968506 0.000000 1351.265747 0.000000 0.827201 0.000000 -0.561906 0.000000 0.000000 0.000000
4026.544434 0.000000 1283.079346 0.000000 0.612513 0.000000 -0.790460 0.000000 0.000000 0.000000
4090.544434 0.000000 1283.079346 0.000000 0.834281 0.000000 -0.551339 0.000000 0.000000 0.000000
4033.451416 0.000000 1311.316284 0.000000 0.696619 0.000000 -0.717441 0.000000 0.000000 0.000000
4053.705078 0.000000 1326.008301 0.000000 0.537764 0.000000 -0.843096 0.000000 0.000000 0.000000
3366.231201 0.000000 1450.638428 0.000000 0.798292 0.000000 -0.602271 0.000000 0.000000 0.000000
3578.544434 0.000000 1396.048096 0.000000 0.306504 0.000000 -0.951869 0.000000 0.000000 0.000000
3541.705078 0.000000 1382.492676 0.000000 0.638902 0.000000 -0.769288 0.000000 0.000000 0.000000
3430.231201 0.000000 1507.122803 0.000000 0.769706 0.000000 -0.638398 0.000000 0.000000 0.000000
3386.544434 0.000000 1565.501221 0.000000 0.777267 0.000000 -0.629170 0.000000 0.000000 0.000000
3476.968506 0.000000 1520.718872 0.000000 0.653603 0.000000 -0.756838 0.000000 0.000000 0.000000
3457.451416 0.000000 1480.769409 0.000000 0.323654 0.000000 -0.946176 0.000000 0.000000 0.000000
3540.968506 0.000000 1577.203247 0.000000 0.565292 0.000000 -0.824891 0.000000 0.000000 0.000000
3541.705078 0.000000 1551.945801 0.000000 0.512359 0.000000 -0.858771 0.000000 0.000000 0.000000
3558.231201 0.000000 1563.607178 0.000000 0.346598 0.000000 -0.938014 0.000000 0.000000 0.000000
3412.968506 0.000000 1633.687622 0.000000 0.356286 0.000000 -0.934377 0.000000 0.000000 0.000000
3540.968506 0.000000 1633.687622 0.000000 0.769717 0.000000 -0.638386 0.000000 0.000000 0.000000
3565.516602 0.000000 1652.780151 0.000000 0.647520 0.000000 -0.762048 0.000000 0.000000 0.000000
3521.451416 0.000000 1650.222534 0.000000 0.447728 0.000000 -0.894170 0.000000 0.000000 0.000000
3604.968506 0.000000 1464.234497 0.000000 0.492005 0.000000 -0.870592 0.000000 0.000000 0.000000
3629.516602 0.000000 1426.842651 0.000000 0.707565 0.000000 -0.706648 0.000000 0.000000 0.000000
3642.544434 0.000000 1452.532471 0.000000 0.284877 0.000000 -0.958564 0.000000 0.000000 0.000000
3796.968506 0.000000 1464.234497 0.000000 0.474432 0.000000 -0.880292 0.000000 0.000000 0.000000
3814.231201 0.000000 1450.638428 0.000000 0.484361 0.000000 -0.874868 0.000000 0.000000 0.000000
3612.793701 0.000000 1471.435547 0.000000 0.625439 0.000000 -0.780273 0.000000 0.000000 0.000000
3668.968506 0.000000 1577.203247 0.000000 0.806648 0.000000 -0.591032 0.000000 0.000000 0.000000
3732.968506 0.000000 1520.718872 0.000000 0.732409 0.000000 -0.680865 0.000000 0.000000 0.000000
3796.968506 0.000000 1520.718872 0.000000 0.830362 0.000000 -0.557225 0.000000 0.000000 0.000000
3821.516602 0.000000 1483.327026 0.000000 0.673954 0.000000 -0.738773 0.000000 0.000000 0.000000
3834.544434 0.000000 1509.016846 0.000000 0.512701 0.000000 -0.858567 0.000000 0.000000 0.000000
3814.231201 0.000000 1507.122803 0.000000 0.322602 0.000000 -0.946535 0.000000 0.000000 0.000000
3796.968506 0.000000 1577.203247 0.000000 0.627464 0.000000 -0.778645 0.000000 0.000000 0.000000
3777.319092 0.000000 1563.966553 0.000000 0.582097 0.000000 -0.813119 0.000000 0.000000 0.000000
3898.544434 0.000000 1396.048096 0.000000 0.697967 0.000000 -0.716130 0.000000 0.000000 0.000000
3924.968506 0.000000 1407.750122 0.000000 0.456072 0.000000 -0.889943 0.000000 0.000000 0.000000
3885.516602 0.000000 1426.842651 0.000000 0.677517 0.000000 -0.735507 0.000000 0.000000 0.000000
3925.705078 0.000000 1438.977051 0.000000 0.541184 0.000000 -0.840904 0.000000 0.000000 0.000000
4013.516602 0.000000 1370.358276 0.000000 0.594349 0.000000 -0.804208 0.000000 0.000000 0.000000
3969.451416 0.000000 1367.800659 0.000000 0.707709 0.000000 -0.706504 0.000000 0.000000 0.000000
4026.544434 0.000000 1396.048096 0.000000 0.786954 0.000000 -0.617012 0.000000 0.000000 0.000000
3989.705078 0.000000 1382.492676 0.000000 0.673495 0.000000 -0.739192 0.000000 0.000000 0.000000
4052.968506 0.000000 1407.750122 0.000000 0.683648 0.000000 -0.729812 0.000000 0.000000 0.000000
4033.319092 0.000000 1394.513428 0.000000 0.635747 0.000000 -0.771897 0.000000 0.000000 0.000000
3996.793701 0.000000 1414.951172 0.000000 0.811372 0.000000 -0.584530 0.000000 0.000000 0.000000
4090.544434 0.000000 1452.532471 0.000000 0.539798 0.000000 -0.841795 0.000000 0.000000 0.000000
3962.544434 0.000000 1509.016846 0.000000 0.667592 0.000000 -0.744527 0.000000 0.000000 0.000000
3841.319092 0.000000 1563.966553 0.000000 0.627431 0.000000 -0.778673 0.000000 0.000000 0.000000
3962.544434 0.000000 1565.501221 0.000000 0.728400 0.000000 -0.685153 0.000000 0.000000 0.000000
3969.319092 0.000000 1507.482178 0.000000 0.835780 0.000000 -0.549064 0.000000 0.000000 0.000000
3996.793701 0.000000 1471.435547 0.000000 0.547668 0.000000 -0.836695 0.000000 0.000000 0.000000
4077.516602 0.000000 1483.327026 0.000000 0.296917 0.000000 -0.954903 0.000000 0.000000 0.000000
3969.319092 0.000000 1563.966553 0.000000 0.312387 0.000000 -0.949955 0.000000 0.000000 0.000000
4077.516602 0.000000 1539.811401 0.000000 0.302400 0.000000 -0.953181 0.000000 0.000000 0.000000
3629.516602 0.000000 1596.295776 0.000000 0.409414 0.000000 -0.912349 0.000000 0.000000 0.000000
3642.544434 0.000000 1621.985596 0.000000 0.550955 0.000000 -0.834535 0.000000 0.000000 0.000000
3585.319092 0.000000 1620.450928 0.000000 0.688707 0.000000 -0.725040 0.000000 0.000000 0.000000
3612.793701 0.000000 1584.404297 0.000000 0.725649 0.000000 -0.688065 0.000000 0.000000 0.000000
3668.968506 0.000000 1633.687622 0.000000 0.682672 0.000000 -0.730725 0.000000 0.000000 0.000000
3732.968506 0.000000 1633.687622 0.000000 0.591121 0.000000 -0.806583 0.000000 0.000000 0.000000
3841.451416 0.000000 1593.738159 0.000000 0.392423 0.000000 -0.919785 0.000000 0.000000 0.000000
3868.793701 0.000000 1584.404297 0.000000 0.524055 0.000000 -0.851684 0.000000 0.000000 0.000000
4116.968750 0.000000 1181.812622 0.000000 0.737263 0.000000 -0.675606 0.000000 0.000000 0.000000
4180.968750 0.000000 1181.812622 0.000000 0.383960 0.000000 -0.923350 0.000000 0.000000 0.000000
4245.705078 0.000000 1213.039551 0.000000 0.796217 0.000000 -0.605011 0.000000 0.000000 0.000000
4262.230957 0.000000 1224.700928 0.000000 0.331989 0.000000 -0.943283 0.000000 0.000000 0.000000
4289.318848 0.000000 1225.060303 0.000000 0.410397 0.000000 -0.911907 0.000000 0.000000 0.000000
4097.318848 0.000000 1281.544678 0.000000 0.449168 0.000000 -0.893447 0.000000 0.000000 0.000000
4097.451172 0.000000 1311.316284 0.000000 0.411360 0.000000 -0.911473 0.000000 0.000000 0.000000
4346.544434 0.000000 1283.079346 0.000000 0.592124 0.000000 -0.805847 0.000000 0.000000 0.000000
4309.705078 0.000000 1269.523926 0.000000 0.466260 0.000000 -0.884647 0.000000 0.000000 0.000000
4289.451172 0.000000 1311.316284 0.000000 0.438495 0.000000 -0.898734 0.000000 0.000000 0.000000
4116.968750 0.000000 1407.750122 0.000000 0.762476 0.000000 -0.647017 0.000000 0.000000 0.000000
4180.968750 0.000000 1464.234497 0.000000 0.702350 0.000000 -0.711832 0.000000 0.000000 0.000000
4346.544434 0.000000 1396.048096 0.000000 0.336140 0.000000 -0.941812 0.000000 0.000000 0.000000
4141.516602 0.000000 1483.327026 0.000000 0.536671 0.000000 -0.843792 0.000000 0.000000 0.000000
4124.793945 0.000000 1471.435547 0.000000 0.711344 0.000000 -0.702844 0.000000 0.000000 0.000000
4144.205566 0.000000 1525.052490 0.000000 0.298509 0.000000 -0.954407 0.000000 0.000000 0.000000
4205.516602 0.000000 1483.327026 0.000000 0.469796 0.000000 -0.882775 0.000000 0.000000 0.000000
4218.544434 0.000000 1509.016846 0.000000 0.815605 0.000000 -0.578610 0.000000 0.000000 0.000000
4097.451172 0.000000 1537.253784 0.000000 0.507588 0.000000 -0.861600 0.000000 0.000000 0.000000
4097.318848 0.000000 1563.966553 0.000000 0.523204 0.000000 -0.852207 0.000000 0.000000 0.000000
4198.230957 0.000000 1563.607178 0.000000 0.725140 0.000000 -0.688601 0.000000 0.000000 0.000000
4269.516602 0.000000 1483.327026 0.000000 0.722175 0.000000 -0.691710 0.000000 0.000000 0.000000
4308.968750 0.000000 1520.718872 0.000000 0.468913 0.000000 -0.883244 0.000000 0.000000 0.000000
4326.230957 0.000000 1563.607178 0.000000 0.654971 0.000000 -0.755654 0.000000 0.000000 0.000000
4336.205566 0.000000 1581.536865 0.000000 0.489754 0.000000 -0.871861 0.000000 0.000000 0.000000
4397.516602 0.000000 1370.358276 0.000000 0.676513 0.000000 -0.736431 0.000000 0.000000 0.000000
4410.544434 0.000000 1452.532471 0.000000 0.727732 0.000000 -0.685862 0.000000 0.000000 0.000000
4372.968750 0.000000 1577.203247 0.000000 0.543023 0.000000 -0.839718 0.000000 0.000000 0.000000
4141.516602 0.000000 1596.295776 0.000000 0.809258 0.000000 -0.587453 0.000000 0.000000 0.000000
4282.544434 0.000000 1621.985596 0.000000 0.344313 0.000000 -0.938855 0.000000 0.000000 0.000000
4289.318848 0.000000 1620.450928 0.000000 0.430008 0.000000 -0.902825 0.000000 0.000000 0.000000
"}
object={
	name="european_dynamic_farmland_objects_generator_1_4"
	clamp_to_water_level=no
	render_under_water=no
	generated_content=yes
	layer="farms_dynamic"
	pdxmesh="windmill_01_mesh"
	count=87
	transform="2645.705078 0.000000 1326.008301 0.000000 0.198984 0.000000 -0.980003 0.000000 0.000000 0.000000
2753.451416 0.000000 1311.316284 0.000000 0.008956 0.000000 -0.999960 0.000000 0.000000 0.000000
2874.544434 0.000000 1226.594971 0.000000 0.141323 0.000000 -0.989964 0.000000 0.000000 0.000000
2881.451416 0.000000 1198.347534 0.000000 0.048841 0.000000 -0.998807 0.000000 0.000000 0.000000
2928.205322 0.000000 1242.630615 0.000000 0.006513 0.000000 -0.999979 0.000000 0.000000 0.000000
2925.516602 0.000000 1257.389526 0.000000 0.140452 0.000000 -0.990087 0.000000 0.000000 0.000000
2989.516602 0.000000 1257.389526 0.000000 0.208728 0.000000 -0.977974 0.000000 0.000000 0.000000
2965.705078 0.000000 1269.523926 0.000000 0.234264 0.000000 -0.972173 0.000000 0.000000 0.000000
2945.319092 0.000000 1281.544678 0.000000 0.002633 0.000000 -0.999997 0.000000 0.000000 0.000000
2554.544434 0.000000 1396.048096 0.000000 0.178610 0.000000 -0.983920 0.000000 0.000000 0.000000
2534.231201 0.000000 1450.638428 0.000000 0.098049 0.000000 -0.995182 0.000000 0.000000 0.000000
2516.968506 0.000000 1520.718872 0.000000 0.091633 0.000000 -0.995793 0.000000 0.000000 0.000000
2497.451416 0.000000 1480.769409 0.000000 0.127030 0.000000 -0.991899 0.000000 0.000000 0.000000
2497.319092 0.000000 1507.482178 0.000000 0.090472 0.000000 -0.995899 0.000000 0.000000 0.000000
2544.205322 0.000000 1525.052490 0.000000 0.198240 0.000000 -0.980153 0.000000 0.000000 0.000000
2477.516602 0.000000 1539.811401 0.000000 0.067677 0.000000 -0.997707 0.000000 0.000000 0.000000
2497.319092 0.000000 1563.966553 0.000000 0.023591 0.000000 -0.999722 0.000000 0.000000 0.000000
2616.065674 0.000000 1380.987549 0.000000 0.077614 0.000000 -0.996983 0.000000 0.000000 0.000000
2600.832275 0.000000 1359.126099 0.000000 0.273555 0.000000 -0.961856 0.000000 0.000000 0.000000
2605.516602 0.000000 1426.842651 0.000000 0.118242 0.000000 -0.992985 0.000000 0.000000 0.000000
2588.793701 0.000000 1414.951172 0.000000 0.083818 0.000000 -0.996481 0.000000 0.000000 0.000000
2608.205322 0.000000 1468.568115 0.000000 0.173140 0.000000 -0.984897 0.000000 0.000000 0.000000
2687.487305 0.000000 1442.337036 0.000000 0.258357 0.000000 -0.966049 0.000000 0.000000 0.000000
2751.586426 0.000000 1409.059570 0.000000 0.279944 0.000000 -0.960016 0.000000 0.000000 0.000000
2702.007324 0.000000 1442.999634 0.000000 0.014044 0.000000 -0.999901 0.000000 0.000000 0.000000
2605.516602 0.000000 1483.327026 0.000000 0.261336 0.000000 -0.965248 0.000000 0.000000 0.000000
2575.130859 0.000000 1507.965576 0.000000 0.212408 0.000000 -0.977181 0.000000 0.000000 0.000000
2644.968506 0.000000 1520.718872 0.000000 0.249543 0.000000 -0.968364 0.000000 0.000000 0.000000
3430.231201 0.000000 1111.732178 0.000000 0.201400 0.000000 -0.979509 0.000000 0.000000 0.000000
3558.231201 0.000000 1055.247803 0.000000 0.149207 0.000000 -0.988806 0.000000 0.000000 0.000000
3521.451416 0.000000 1085.378784 0.000000 0.254159 0.000000 -0.967162 0.000000 0.000000 0.000000
3558.231201 0.000000 1111.732178 0.000000 0.223917 0.000000 -0.974608 0.000000 0.000000 0.000000
3348.968506 0.000000 1238.296997 0.000000 0.054784 0.000000 -0.998498 0.000000 0.000000 0.000000
3501.516602 0.000000 1144.420776 0.000000 0.119206 0.000000 -0.992870 0.000000 0.000000 0.000000
3541.705078 0.000000 1156.555176 0.000000 0.054906 0.000000 -0.998492 0.000000 0.000000 0.000000
3568.205322 0.000000 1186.146240 0.000000 0.179808 0.000000 -0.983702 0.000000 0.000000 0.000000
3437.516602 0.000000 1313.873901 0.000000 0.047820 0.000000 -0.998856 0.000000 0.000000 0.000000
3420.793701 0.000000 1301.982422 0.000000 0.134766 0.000000 -0.990878 0.000000 0.000000 0.000000
3521.451416 0.000000 1254.831909 0.000000 0.174234 0.000000 -0.984704 0.000000 0.000000 0.000000
3457.319092 0.000000 1338.029053 0.000000 0.279573 0.000000 -0.960124 0.000000 0.000000 0.000000
3540.968506 0.000000 1351.265747 0.000000 0.278356 0.000000 -0.960478 0.000000 0.000000 0.000000
3585.451416 0.000000 1028.894409 0.000000 0.242530 0.000000 -0.970144 0.000000 0.000000 0.000000
3604.968506 0.000000 1125.328247 0.000000 0.236315 0.000000 -0.971676 0.000000 0.000000 0.000000
3988.968506 0.000000 1125.328247 0.000000 0.158292 0.000000 -0.987392 0.000000 0.000000 0.000000
3604.968506 0.000000 1181.812622 0.000000 0.130233 0.000000 -0.991483 0.000000 0.000000 0.000000
3585.319092 0.000000 1168.575928 0.000000 0.026482 0.000000 -0.999649 0.000000 0.000000 0.000000
3668.968506 0.000000 1181.812622 0.000000 0.185082 0.000000 -0.982723 0.000000 0.000000 0.000000
3757.516602 0.000000 1144.420776 0.000000 0.257346 0.000000 -0.966319 0.000000 0.000000 0.000000
3713.451416 0.000000 1198.347534 0.000000 0.079863 0.000000 -0.996806 0.000000 0.000000 0.000000
3713.319092 0.000000 1225.060303 0.000000 0.224518 0.000000 -0.974470 0.000000 0.000000 0.000000
3777.319092 0.000000 1225.060303 0.000000 0.153571 0.000000 -0.988138 0.000000 0.000000 0.000000
3713.451416 0.000000 1254.831909 0.000000 0.241768 0.000000 -0.970334 0.000000 0.000000 0.000000
3988.968506 0.000000 1181.812622 0.000000 0.189698 0.000000 -0.981843 0.000000 0.000000 0.000000
3949.516602 0.000000 1313.873901 0.000000 0.129898 0.000000 -0.991527 0.000000 0.000000 0.000000
4070.231201 0.000000 1281.185303 0.000000 0.031362 0.000000 -0.999508 0.000000 0.000000 0.000000
3386.544434 0.000000 1452.532471 0.000000 0.055096 0.000000 -0.998481 0.000000 0.000000 0.000000
3393.451416 0.000000 1424.285034 0.000000 0.207942 0.000000 -0.978141 0.000000 0.000000 0.000000
3373.516602 0.000000 1483.327026 0.000000 0.195943 0.000000 -0.980615 0.000000 0.000000 0.000000
3349.705078 0.000000 1551.945801 0.000000 0.046894 0.000000 -0.998900 0.000000 0.000000 0.000000
3501.516602 0.000000 1483.327026 0.000000 0.252187 0.000000 -0.967678 0.000000 0.000000 0.000000
3484.793701 0.000000 1471.435547 0.000000 0.121936 0.000000 -0.992538 0.000000 0.000000 0.000000
3501.516602 0.000000 1539.811401 0.000000 0.077523 0.000000 -0.996991 0.000000 0.000000 0.000000
3521.451416 0.000000 1593.738159 0.000000 0.204893 0.000000 -0.978784 0.000000 0.000000 0.000000
3605.705078 0.000000 1438.977051 0.000000 0.189756 0.000000 -0.981831 0.000000 0.000000 0.000000
3814.231201 0.000000 1563.607178 0.000000 0.138152 0.000000 -0.990411 0.000000 0.000000 0.000000
3861.705078 0.000000 1382.492676 0.000000 0.072925 0.000000 -0.997337 0.000000 0.000000 0.000000
3860.968506 0.000000 1464.234497 0.000000 0.147500 0.000000 -0.989062 0.000000 0.000000 0.000000
3861.705078 0.000000 1438.977051 0.000000 0.065667 0.000000 -0.997842 0.000000 0.000000 0.000000
3905.319092 0.000000 1450.997803 0.000000 0.174191 0.000000 -0.984712 0.000000 0.000000 0.000000
3969.451416 0.000000 1424.285034 0.000000 0.277783 0.000000 -0.960644 0.000000 0.000000 0.000000
3989.705078 0.000000 1438.977051 0.000000 0.112226 0.000000 -0.993683 0.000000 0.000000 0.000000
3932.793701 0.000000 1471.435547 0.000000 0.091185 0.000000 -0.995834 0.000000 0.000000 0.000000
3932.793701 0.000000 1527.919922 0.000000 0.125070 0.000000 -0.992148 0.000000 0.000000 0.000000
3969.451416 0.000000 1537.253784 0.000000 0.273904 0.000000 -0.961757 0.000000 0.000000 0.000000
4006.231201 0.000000 1563.607178 0.000000 0.066934 0.000000 -0.997757 0.000000 0.000000 0.000000
4033.319092 0.000000 1563.966553 0.000000 0.088556 0.000000 -0.996071 0.000000 0.000000 0.000000
3629.516602 0.000000 1652.780151 0.000000 0.281296 0.000000 -0.959621 0.000000 0.000000 0.000000
3713.451416 0.000000 1593.738159 0.000000 0.227064 0.000000 -0.973880 0.000000 0.000000 0.000000
3905.451416 0.000000 1593.738159 0.000000 0.155947 0.000000 -0.987765 0.000000 0.000000 0.000000
4141.516602 0.000000 1370.358276 0.000000 0.170329 0.000000 -0.985387 0.000000 0.000000 0.000000
4308.968750 0.000000 1464.234497 0.000000 0.057068 0.000000 -0.998370 0.000000 0.000000 0.000000
4116.968750 0.000000 1577.203247 0.000000 0.114703 0.000000 -0.993400 0.000000 0.000000 0.000000
4141.516602 0.000000 1539.811401 0.000000 0.251966 0.000000 -0.967736 0.000000 0.000000 0.000000
4208.205566 0.000000 1581.536865 0.000000 0.211148 0.000000 -0.977454 0.000000 0.000000 0.000000
4289.451172 0.000000 1537.253784 0.000000 0.019705 0.000000 -0.999806 0.000000 0.000000 0.000000
4436.968750 0.000000 1464.234497 0.000000 0.129639 0.000000 -0.991561 0.000000 0.000000 0.000000
4372.968750 0.000000 1520.718872 0.000000 0.022247 0.000000 -0.999753 0.000000 0.000000 0.000000
"}
