object={
	name="palm_dense_generator_3_0"
	clamp_to_water_level=no
	render_under_water=no
	generated_content=yes
	layer="semidynamic_high"
	pdxmesh="tree_palm_01_mesh"
	count=296
	transform="938.709351 0.000000 726.047058 0.000000 0.499772 0.000000 0.866157 0.890953 0.890953 0.890953
904.237366 0.000000 782.323425 0.000000 0.584123 0.000000 0.811665 0.315945 0.315945 0.315945
900.189880 0.000000 779.460144 0.000000 0.499132 0.000000 0.866526 0.315117 0.315117 0.315117
944.663086 0.000000 752.952820 0.000000 0.134169 0.000000 0.990958 0.268191 0.268191 0.268191
905.122314 0.000000 781.358521 0.000000 0.050598 0.000000 0.998719 0.523383 0.523383 0.523383
987.286194 0.000000 740.104065 0.000000 0.060329 0.000000 0.998179 0.776244 0.776244 0.776244
1010.802734 0.000000 735.346741 0.000000 0.408777 0.000000 0.912634 0.926809 0.926809 0.926809
1012.323975 0.000000 735.916077 0.000000 0.171897 0.000000 0.985115 0.910998 0.910998 0.910998
1013.484009 0.000000 736.812134 0.000000 0.853269 0.000000 0.521472 0.965077 0.965077 0.965077
1013.949829 0.000000 736.141479 0.000000 0.574700 0.000000 0.818364 0.938976 0.938976 0.938976
1013.364563 0.000000 734.666260 0.000000 0.327824 0.000000 0.944739 0.921263 0.921263 0.921263
896.042358 0.000000 790.788574 0.000000 0.796693 0.000000 0.604385 0.363657 0.363657 0.363657
946.216248 0.000000 835.326050 0.000000 0.812411 0.000000 0.583085 0.378543 0.378543 0.378543
950.087036 0.000000 835.380371 0.000000 0.060934 0.000000 0.998142 0.451281 0.451281 0.451281
928.682068 0.000000 808.195557 0.000000 0.847076 0.000000 0.531472 0.795332 0.795332 0.795332
950.952087 0.000000 834.737244 0.000000 0.656487 0.000000 0.754338 0.557510 0.557510 0.557510
1123.050781 0.000000 672.274292 0.000000 0.749003 0.000000 0.662567 0.953893 0.953893 0.953893
1123.922485 0.000000 672.153015 0.000000 0.792186 0.000000 0.610279 0.958211 0.958211 0.958211
1179.913330 0.000000 661.292603 0.000000 0.136370 0.000000 0.990658 0.908709 0.908709 0.908709
1029.549561 0.000000 696.349487 0.000000 0.239719 0.000000 0.970842 0.915411 0.915411 0.915411
2717.237549 0.000000 1219.694092 0.000000 0.102130 0.000000 0.994771 0.182695 0.182695 0.182695
2722.735840 0.000000 1225.824951 0.000000 0.428575 0.000000 0.903506 0.259670 0.259670 0.259670
2665.677002 0.000000 1260.723267 0.000000 0.271550 0.000000 0.962424 0.227774 0.227774 0.227774
2665.128906 0.000000 1263.521973 0.000000 0.783541 0.000000 0.621340 0.363166 0.363166 0.363166
2684.008301 0.000000 1284.933472 0.000000 0.071817 0.000000 0.997418 0.196327 0.196327 0.196327
2696.614258 0.000000 1256.185059 0.000000 0.278131 0.000000 0.960543 0.236935 0.236935 0.236935
2697.795410 0.000000 1242.680664 0.000000 0.666906 0.000000 0.745142 0.326520 0.326520 0.326520
2693.141602 0.000000 1268.162476 0.000000 0.784778 0.000000 0.619777 0.366076 0.366076 0.366076
2694.028809 0.000000 1265.585815 0.000000 0.529724 0.000000 0.848170 0.298660 0.298660 0.298660
2690.070068 0.000000 1267.477905 0.000000 0.580612 0.000000 0.814181 0.315818 0.315818 0.315818
8046.671387 0.000000 667.782593 0.000000 0.814986 0.000000 0.579480 0.378018 0.378018 0.378018
8049.314941 0.000000 664.026367 0.000000 0.659433 0.000000 0.751764 0.336566 0.336566 0.336566
8055.432129 0.000000 670.411804 0.000000 0.677155 0.000000 0.735840 0.352291 0.352291 0.352291
8053.188965 0.000000 675.740845 0.000000 0.770717 0.000000 0.637178 0.380737 0.380737 0.380737
8057.001953 0.000000 656.760132 0.000000 0.199305 0.000000 0.979937 0.269620 0.269620 0.269620
8063.883789 0.000000 660.067688 0.000000 0.657593 0.000000 0.753373 0.359101 0.359101 0.359101
8046.236328 0.000000 677.184509 0.000000 0.462275 0.000000 0.886737 0.332199 0.332199 0.332199
8056.732422 0.000000 669.885193 0.000000 0.755336 0.000000 0.655338 0.435489 0.435489 0.435489
8048.056641 0.000000 672.534973 0.000000 0.482541 0.000000 0.875873 0.377587 0.377587 0.377587
8049.121094 0.000000 673.236206 0.000000 0.761578 0.000000 0.648073 0.432439 0.432439 0.432439
8057.099121 0.000000 668.330200 0.000000 0.776047 0.000000 0.630675 0.440385 0.440385 0.440385
8050.448730 0.000000 664.552979 0.000000 0.037756 0.000000 0.999287 0.299032 0.299032 0.299032
8051.326660 0.000000 668.843872 0.000000 0.156810 0.000000 0.987629 0.290939 0.290939 0.290939
8057.653809 0.000000 674.168579 0.000000 0.156909 0.000000 0.987613 0.429511 0.429511 0.429511
8055.218262 0.000000 673.464661 0.000000 0.785564 0.000000 0.618780 0.554292 0.554292 0.554292
8053.139160 0.000000 661.323120 0.000000 0.725651 0.000000 0.688063 0.520627 0.520627 0.520627
8055.702637 0.000000 674.330688 0.000000 0.580651 0.000000 0.814153 0.630644 0.630644 0.630644
8044.581055 0.000000 674.168945 0.000000 0.688002 0.000000 0.725709 0.948302 0.948302 0.948302
8044.097656 0.000000 677.423279 0.000000 0.294539 0.000000 0.955639 0.919033 0.919033 0.919033
8074.351562 0.000000 642.207092 0.000000 0.302930 0.000000 0.953013 0.227089 0.227089 0.227089
8066.069824 0.000000 646.149780 0.000000 0.340072 0.000000 0.940399 0.267646 0.267646 0.267646
8094.725586 0.000000 624.920715 0.000000 0.638625 0.000000 0.769518 0.335915 0.335915 0.335915
8072.404785 0.000000 641.755981 0.000000 0.701484 0.000000 0.712685 0.362450 0.362450 0.362450
8084.029785 0.000000 625.254883 0.000000 0.550668 0.000000 0.834725 0.343553 0.343553 0.343553
8073.676758 0.000000 636.004639 0.000000 0.351669 0.000000 0.936124 0.305378 0.305378 0.305378
8092.743164 0.000000 649.941162 0.000000 0.744838 0.000000 0.667245 0.377171 0.377171 0.377171
8072.997559 0.000000 644.131348 0.000000 0.049075 0.000000 0.998795 0.903125 0.903125 0.903125
8074.929688 0.000000 645.340210 0.000000 0.451538 0.000000 0.892252 0.924871 0.924871 0.924871
8072.070801 0.000000 645.352173 0.000000 0.753518 0.000000 0.657427 0.954329 0.954329 0.954329
8072.206543 0.000000 644.458435 0.000000 0.517734 0.000000 0.855542 0.934645 0.934645 0.934645
8051.663574 0.000000 678.980896 0.000000 0.505608 0.000000 0.862763 0.317997 0.317997 0.317997
8054.041992 0.000000 677.854797 0.000000 0.860256 0.000000 0.509863 0.418054 0.418054 0.418054
8036.887207 0.000000 693.965332 0.000000 0.375513 0.000000 0.926817 0.649881 0.649881 0.649881
8037.482910 0.000000 692.224976 0.000000 0.254851 0.000000 0.966980 0.629668 0.629668 0.629668
8035.165527 0.000000 693.832764 0.000000 0.271306 0.000000 0.962493 0.861191 0.861191 0.861191
7862.238281 0.000000 1016.596436 0.000000 0.589320 0.000000 0.807899 0.353120 0.353120 0.353120
7869.971680 0.000000 1015.195862 0.000000 0.025901 0.000000 0.999665 0.901649 0.901649 0.901649
7926.864258 0.000000 1015.233032 0.000000 0.787664 0.000000 0.616105 0.356074 0.356074 0.356074
7884.721191 0.000000 998.559204 0.000000 0.027874 0.000000 0.999611 0.189724 0.189724 0.189724
7887.870117 0.000000 997.057251 0.000000 0.536406 0.000000 0.843960 0.297221 0.297221 0.297221
7889.493164 0.000000 1004.207153 0.000000 0.557852 0.000000 0.829940 0.314124 0.314124 0.314124
7903.005371 0.000000 995.139099 0.000000 0.077862 0.000000 0.996964 0.217681 0.217681 0.217681
7889.862305 0.000000 996.561829 0.000000 0.844520 0.000000 0.535524 0.404555 0.404555 0.404555
7891.881836 0.000000 998.771912 0.000000 0.722898 0.000000 0.690955 0.365455 0.365455 0.365455
7875.051758 0.000000 1010.086853 0.000000 0.648673 0.000000 0.761067 0.351325 0.351325 0.351325
7906.937988 0.000000 990.739441 0.000000 0.692906 0.000000 0.721028 0.373644 0.373644 0.373644
7897.172852 0.000000 996.749146 0.000000 0.802515 0.000000 0.596632 0.410860 0.410860 0.410860
7895.285645 0.000000 999.944885 0.000000 0.631838 0.000000 0.775100 0.413724 0.413724 0.413724
7920.248535 0.000000 1014.039734 0.000000 0.841492 0.000000 0.540269 0.565043 0.565043 0.565043
7925.492676 0.000000 1015.763733 0.000000 0.826188 0.000000 0.563394 0.589374 0.589374 0.589374
7920.327148 0.000000 1015.537476 0.000000 0.614920 0.000000 0.788589 0.510708 0.510708 0.510708
7881.062988 0.000000 1002.214355 0.000000 0.506693 0.000000 0.862127 0.475681 0.475681 0.475681
7888.999512 0.000000 1001.283325 0.000000 0.649057 0.000000 0.760740 0.675166 0.675166 0.675166
7901.834473 0.000000 992.970215 0.000000 0.216545 0.000000 0.976273 0.612759 0.612759 0.612759
7922.298340 0.000000 1014.962769 0.000000 0.251250 0.000000 0.967922 0.791843 0.791843 0.791843
7873.178711 0.000000 1009.273804 0.000000 0.768178 0.000000 0.640236 0.922463 0.922463 0.922463
7872.029297 0.000000 1011.799805 0.000000 0.846301 0.000000 0.532705 0.847117 0.847117 0.847117
7906.980957 0.000000 988.505371 0.000000 0.669794 0.000000 0.742547 0.911624 0.911624 0.911624
7883.480957 0.000000 1006.345215 0.000000 0.627984 0.000000 0.778226 0.915170 0.915170 0.915170
7867.590332 0.000000 1019.871277 0.000000 0.375427 0.000000 0.926852 0.363847 0.363847 0.363847
7849.447266 0.000000 1033.624146 0.000000 0.029895 0.000000 0.999553 0.460593 0.460593 0.460593
7851.277832 0.000000 1029.731323 0.000000 0.357563 0.000000 0.933889 0.369431 0.369431 0.369431
7842.956543 0.000000 1037.948853 0.000000 0.846319 0.000000 0.532677 0.624448 0.624448 0.624448
7846.214844 0.000000 1029.348511 0.000000 0.379651 0.000000 0.925130 0.504534 0.504534 0.504534
7859.716797 0.000000 1018.970886 0.000000 0.338204 0.000000 0.941073 0.464312 0.464312 0.464312
7850.282715 0.000000 1030.224487 0.000000 0.073799 0.000000 0.997273 0.778156 0.778156 0.778156
7839.024902 0.000000 1041.339111 0.000000 0.776154 0.000000 0.630544 0.624456 0.624456 0.624456
7840.570312 0.000000 1041.814331 0.000000 0.402529 0.000000 0.915407 0.746751 0.746751 0.746751
7846.645996 0.000000 1035.308472 0.000000 0.557450 0.000000 0.830211 0.937644 0.937644 0.937644
7846.569824 0.000000 1034.428467 0.000000 0.447774 0.000000 0.894147 0.929557 0.929557 0.929557
7858.033203 0.000000 1024.844604 0.000000 0.130695 0.000000 0.991423 0.908344 0.908344 0.908344
7865.008789 0.000000 1019.171509 0.000000 0.325242 0.000000 0.945631 0.909949 0.909949 0.909949
7857.800293 0.000000 1028.080688 0.000000 0.313257 0.000000 0.949668 0.920284 0.920284 0.920284
7842.253418 0.000000 1034.304077 0.000000 0.540567 0.000000 0.841301 0.936358 0.936358 0.936358
7841.565430 0.000000 1037.865112 0.000000 0.055294 0.000000 0.998470 0.903522 0.903522 0.903522
7906.977539 0.000000 1031.218140 0.000000 0.689508 0.000000 0.724278 0.371087 0.371087 0.371087
7903.069336 0.000000 1026.101929 0.000000 0.377881 0.000000 0.925854 0.314332 0.314332 0.314332
7909.656250 0.000000 1025.419434 0.000000 0.674507 0.000000 0.738268 0.610231 0.610231 0.610231
7904.472168 0.000000 1027.075439 0.000000 0.454368 0.000000 0.890814 0.930027 0.930027 0.930027
7930.701660 0.000000 1105.849487 0.000000 0.148973 0.000000 0.988841 0.909519 0.909519 0.909519
7954.634277 0.000000 1061.987427 0.000000 0.760747 0.000000 0.649048 0.390229 0.390229 0.390229
7948.502441 0.000000 1077.776245 0.000000 0.849230 0.000000 0.528023 0.964587 0.964587 0.964587
8176.827148 0.000000 1060.556641 0.000000 0.429222 0.000000 0.903199 0.461633 0.461633 0.461633
8152.795410 0.000000 1101.115356 0.000000 0.374263 0.000000 0.927322 0.255924 0.255924 0.255924
8155.849121 0.000000 1099.808716 0.000000 0.303010 0.000000 0.952987 0.269673 0.269673 0.269673
8153.036621 0.000000 1098.138062 0.000000 0.852307 0.000000 0.523041 0.442128 0.442128 0.442128
8159.182129 0.000000 1120.702271 0.000000 0.301002 0.000000 0.953624 0.394756 0.394756 0.394756
8174.797363 0.000000 1125.006226 0.000000 0.097966 0.000000 0.995190 0.332615 0.332615 0.332615
8175.887207 0.000000 1122.992798 0.000000 0.370571 0.000000 0.928804 0.460600 0.460600 0.460600
8159.121582 0.000000 1104.463379 0.000000 0.405947 0.000000 0.913897 0.386074 0.386074 0.386074
8142.047363 0.000000 1100.400391 0.000000 0.711724 0.000000 0.702459 0.443700 0.443700 0.443700
8155.824219 0.000000 1086.064697 0.000000 0.525480 0.000000 0.850806 0.433574 0.433574 0.433574
8185.571289 0.000000 1113.058960 0.000000 0.647225 0.000000 0.762299 0.614239 0.614239 0.614239
8149.500000 0.000000 1103.386841 0.000000 0.566911 0.000000 0.823779 0.436832 0.436832 0.436832
8161.173340 0.000000 1097.600342 0.000000 0.126541 0.000000 0.991961 0.540823 0.540823 0.540823
8184.073242 0.000000 1112.641846 0.000000 0.771037 0.000000 0.636790 0.642884 0.642884 0.642884
8162.961426 0.000000 1122.384277 0.000000 0.530447 0.000000 0.847718 0.677547 0.677547 0.677547
8158.344238 0.000000 1099.861816 0.000000 0.615470 0.000000 0.788160 0.811638 0.811638 0.811638
8141.893066 0.000000 1102.624756 0.000000 0.281037 0.000000 0.959697 0.827603 0.827603 0.827603
8156.200684 0.000000 1120.498413 0.000000 0.637635 0.000000 0.770339 0.912404 0.912404 0.912404
8156.763184 0.000000 1099.947144 0.000000 0.717902 0.000000 0.696144 0.950979 0.950979 0.950979
8143.974609 0.000000 1105.846558 0.000000 0.679525 0.000000 0.733652 0.947563 0.947563 0.947563
8137.685059 0.000000 1099.700806 0.000000 0.410348 0.000000 0.911929 0.926919 0.926919 0.926919
8149.470703 0.000000 1092.185913 0.000000 0.475187 0.000000 0.879885 0.931524 0.931524 0.931524
8136.070801 0.000000 1097.227173 0.000000 0.685537 0.000000 0.728038 0.948087 0.948087 0.948087
8144.566406 0.000000 1104.386108 0.000000 0.797115 0.000000 0.603827 0.958728 0.958728 0.958728
8141.337891 0.000000 1099.874878 0.000000 0.228812 0.000000 0.973471 0.852476 0.852476 0.852476
8160.121094 0.000000 1123.081787 0.000000 0.421348 0.000000 0.906899 0.927689 0.927689 0.927689
8150.437012 0.000000 1105.598145 0.000000 0.490816 0.000000 0.871263 0.932660 0.932660 0.932660
8159.309082 0.000000 1097.020142 0.000000 0.343711 0.000000 0.939075 0.922337 0.922337 0.922337
8136.206543 0.000000 1096.333374 0.000000 0.342153 0.000000 0.939644 0.922231 0.922231 0.922231
8145.883301 0.000000 1107.307983 0.000000 0.056650 0.000000 0.998394 0.896804 0.896804 0.896804
8142.848145 0.000000 1099.434814 0.000000 0.070842 0.000000 0.997488 0.832618 0.832618 0.832618
8143.908203 0.000000 1104.890869 0.000000 0.734155 0.000000 0.678982 0.952484 0.952484 0.952484
8142.142578 0.000000 1098.388916 0.000000 0.845757 0.000000 0.533568 0.937192 0.937192 0.937192
8158.100586 0.000000 1122.255249 0.000000 0.251838 0.000000 0.967770 0.916207 0.916207 0.916207
8151.062500 0.000000 1104.849365 0.000000 0.081931 0.000000 0.996638 0.905222 0.905222 0.905222
8140.168945 0.000000 1100.351685 0.000000 0.816924 0.000000 0.576746 0.960864 0.960864 0.960864
8157.862793 0.000000 1098.556763 0.000000 0.359802 0.000000 0.933029 0.923431 0.923431 0.923431
8147.011230 0.000000 1104.397461 0.000000 0.669906 0.000000 0.742446 0.946733 0.946733 0.946733
7903.888672 0.000000 1151.231812 0.000000 0.606903 0.000000 0.794776 0.323521 0.323521 0.323521
7899.849121 0.000000 1156.293091 0.000000 0.276539 0.000000 0.961003 0.276228 0.276228 0.276228
7919.105469 0.000000 1133.248901 0.000000 0.321914 0.000000 0.946769 0.286336 0.286336 0.286336
7905.853027 0.000000 1141.452271 0.000000 0.326931 0.000000 0.945048 0.280759 0.280759 0.280759
7909.106445 0.000000 1142.285522 0.000000 0.604656 0.000000 0.796487 0.337471 0.337471 0.337471
7895.838867 0.000000 1160.711182 0.000000 0.476948 0.000000 0.878931 0.322696 0.322696 0.322696
7912.923828 0.000000 1136.385620 0.000000 0.836081 0.000000 0.548606 0.423997 0.423997 0.423997
7914.590820 0.000000 1133.096436 0.000000 0.350200 0.000000 0.936675 0.411768 0.411768 0.411768
7898.685059 0.000000 1159.285156 0.000000 0.189993 0.000000 0.981785 0.536048 0.536048 0.536048
7887.914062 0.000000 1169.811401 0.000000 0.195683 0.000000 0.980667 0.588278 0.588278 0.588278
7900.799316 0.000000 1162.207275 0.000000 0.114722 0.000000 0.993398 0.585660 0.585660 0.585660
7892.484375 0.000000 1154.460938 0.000000 0.615997 0.000000 0.787749 0.637772 0.637772 0.637772
7901.834473 0.000000 1162.423340 0.000000 0.549510 0.000000 0.835487 0.660360 0.660360 0.660360
7924.064941 0.000000 1137.548096 0.000000 0.740053 0.000000 0.672549 0.799434 0.799434 0.799434
7901.536133 0.000000 1160.482666 0.000000 0.723445 0.000000 0.690382 0.753531 0.753531 0.753531
7900.554688 0.000000 1159.060425 0.000000 0.514943 0.000000 0.857224 0.934437 0.934437 0.934437
7751.440918 0.000000 1293.063354 0.000000 0.483574 0.000000 0.875303 0.305579 0.305579 0.305579
7778.937988 0.000000 1273.161255 0.000000 0.030191 0.000000 0.999544 0.258267 0.258267 0.258267
7748.561035 0.000000 1288.937744 0.000000 0.780442 0.000000 0.625228 0.441449 0.441449 0.441449
7747.235840 0.000000 1291.634277 0.000000 0.103127 0.000000 0.994668 0.906577 0.906577 0.906577
7750.077148 0.000000 1290.415894 0.000000 0.711354 0.000000 0.702834 0.950384 0.950384 0.950384
7757.990723 0.000000 1287.532715 0.000000 0.274938 0.000000 0.961462 0.917731 0.917731 0.917731
7773.715332 0.000000 1294.536865 0.000000 0.282174 0.000000 0.959363 0.918211 0.918211 0.918211
7751.696289 0.000000 1290.028809 0.000000 0.265886 0.000000 0.964004 0.917133 0.917133 0.917133
7747.908203 0.000000 1290.608521 0.000000 0.813844 0.000000 0.581083 0.960526 0.960526 0.960526
7746.395996 0.000000 1293.022705 0.000000 0.737124 0.000000 0.675758 0.952763 0.952763 0.952763
7752.895020 0.000000 1286.539185 0.000000 0.361917 0.000000 0.932210 0.894804 0.894804 0.894804
7745.014648 0.000000 1289.583496 0.000000 0.548297 0.000000 0.836284 0.936945 0.936945 0.936945
7749.387207 0.000000 1291.567139 0.000000 0.001080 0.000000 0.999999 0.900069 0.900069 0.900069
7762.778809 0.000000 1306.159912 0.000000 0.735799 0.000000 0.677200 0.714930 0.714930 0.714930
7756.542480 0.000000 1324.357544 0.000000 0.441765 0.000000 0.897131 0.630115 0.630115 0.630115
7767.241699 0.000000 1302.728516 0.000000 0.411752 0.000000 0.911296 0.629971 0.629971 0.629971
7761.511230 0.000000 1306.720703 0.000000 0.048464 0.000000 0.998825 0.903087 0.903087 0.903087
7758.421875 0.000000 1321.389404 0.000000 0.415550 0.000000 0.909570 0.927282 0.927282 0.927282
7764.797852 0.000000 1306.755859 0.000000 0.035000 0.000000 0.999387 0.902229 0.902229 0.902229
7760.188965 0.000000 1315.562866 0.000000 0.536060 0.000000 0.844180 0.936018 0.936018 0.936018
7897.950684 0.000000 1244.636719 0.000000 0.775988 0.000000 0.630747 0.599966 0.599966 0.599966
7875.739746 0.000000 1264.927002 0.000000 0.132287 0.000000 0.991212 0.439374 0.439374 0.439374
8186.613770 0.000000 1295.615479 0.000000 0.743255 0.000000 0.669008 0.880915 0.880915 0.880915
8127.697754 0.000000 1343.864746 0.000000 0.333544 0.000000 0.942735 0.255268 0.255268 0.255268
8127.655273 0.000000 1344.737061 0.000000 0.791587 0.000000 0.611056 0.929592 0.929592 0.929592
8157.067383 0.000000 1322.653564 0.000000 0.230388 0.000000 0.973099 0.291009 0.291009 0.291009
8171.242188 0.000000 1316.197021 0.000000 0.522710 0.000000 0.852511 0.589263 0.589263 0.589263
8157.056152 0.000000 1327.038574 0.000000 0.410172 0.000000 0.912008 0.925186 0.925186 0.925186
7895.843750 0.000000 1506.933960 0.000000 0.054174 0.000000 0.998532 0.269985 0.269985 0.269985
7894.189453 0.000000 1497.596924 0.000000 0.229849 0.000000 0.973226 0.474239 0.474239 0.474239
7892.417969 0.000000 1498.689087 0.000000 0.692705 0.000000 0.721222 0.736257 0.736257 0.736257
7897.272461 0.000000 1503.346924 0.000000 0.458005 0.000000 0.888950 0.823599 0.823599 0.823599
7895.371582 0.000000 1498.005005 0.000000 0.134202 0.000000 0.990954 0.768780 0.768780 0.768780
7897.062012 0.000000 1508.843750 0.000000 0.791990 0.000000 0.610534 0.909988 0.909988 0.909988
7899.358398 0.000000 1506.234863 0.000000 0.048718 0.000000 0.998813 0.774597 0.774597 0.774597
7896.856934 0.000000 1497.494873 0.000000 0.237321 0.000000 0.971431 0.867397 0.867397 0.867397
7896.802734 0.000000 1502.561035 0.000000 0.858461 0.000000 0.512879 0.903282 0.903282 0.903282
7897.561035 0.000000 1496.255371 0.000000 0.734953 0.000000 0.678118 0.925769 0.925769 0.925769
8123.962402 0.000000 1451.057739 0.000000 0.299770 0.000000 0.954011 0.312682 0.312682 0.312682
8089.752441 0.000000 1468.486572 0.000000 0.759278 0.000000 0.650766 0.393592 0.393592 0.393592
8089.452148 0.000000 1467.778564 0.000000 0.777026 0.000000 0.629469 0.956655 0.956655 0.956655
8033.760254 0.000000 1529.486206 0.000000 0.593969 0.000000 0.804488 0.344919 0.344919 0.344919
8032.543945 0.000000 1531.077393 0.000000 0.565020 0.000000 0.825077 0.699832 0.699832 0.699832
8032.706543 0.000000 1533.477417 0.000000 0.633160 0.000000 0.774021 0.922434 0.922434 0.922434
8089.661133 0.000000 1471.659912 0.000000 0.647464 0.000000 0.762096 0.318602 0.318602 0.318602
8065.498535 0.000000 1496.570557 0.000000 0.493810 0.000000 0.869570 0.388178 0.388178 0.388178
8075.201660 0.000000 1479.926147 0.000000 0.571607 0.000000 0.820527 0.865219 0.865219 0.865219
8110.006348 0.000000 1479.744019 0.000000 0.152022 0.000000 0.988377 0.909716 0.909716 0.909716
7811.498047 0.000000 1638.804443 0.000000 0.777454 0.000000 0.628940 0.385631 0.385631 0.385631
7761.052246 0.000000 1737.335815 0.000000 0.705237 0.000000 0.708971 0.530088 0.530088 0.530088
7759.305664 0.000000 1736.713501 0.000000 0.229980 0.000000 0.973195 0.493417 0.493417 0.493417
7791.766602 0.000000 1773.077148 0.000000 0.234891 0.000000 0.972022 0.827193 0.827193 0.827193
7790.347168 0.000000 1773.694702 0.000000 0.699768 0.000000 0.714371 0.896897 0.896897 0.896897
7867.914062 0.000000 1722.854004 0.000000 0.519959 0.000000 0.854191 0.331658 0.331658 0.331658
7868.182617 0.000000 1720.540527 0.000000 0.133613 0.000000 0.991034 0.516755 0.516755 0.516755
7867.543457 0.000000 1721.907227 0.000000 0.466836 0.000000 0.884344 0.887036 0.887036 0.887036
7867.415527 0.000000 1720.991943 0.000000 0.274754 0.000000 0.961515 0.865447 0.865447 0.865447
7922.318359 0.000000 1694.737183 0.000000 0.833634 0.000000 0.552317 0.373565 0.373565 0.373565
7901.854004 0.000000 1723.723633 0.000000 0.622947 0.000000 0.782264 0.416406 0.416406 0.416406
7912.891602 0.000000 1719.966797 0.000000 0.468006 0.000000 0.883725 0.719452 0.719452 0.719452
7921.640137 0.000000 1699.879395 0.000000 0.364683 0.000000 0.931132 0.637478 0.637478 0.637478
7904.543945 0.000000 1700.530518 0.000000 0.163342 0.000000 0.986570 0.630976 0.630976 0.630976
7905.448730 0.000000 1725.534546 0.000000 0.817555 0.000000 0.575851 0.958177 0.958177 0.958177
7907.731445 0.000000 1725.580688 0.000000 0.556099 0.000000 0.831116 0.937540 0.937540 0.937540
7910.634766 0.000000 1723.281738 0.000000 0.512826 0.000000 0.858493 0.934280 0.934280 0.934280
7860.191895 0.000000 1777.826416 0.000000 0.760287 0.000000 0.649587 0.954988 0.954988 0.954988
7858.340332 0.000000 1776.526489 0.000000 0.073892 0.000000 0.997266 0.882287 0.882287 0.882287
7898.869141 0.000000 1772.464478 0.000000 0.831641 0.000000 0.555313 0.402331 0.402331 0.402331
7886.527832 0.000000 1767.183472 0.000000 0.128553 0.000000 0.991703 0.836932 0.836932 0.836932
7890.353516 0.000000 1770.895386 0.000000 0.856887 0.000000 0.515504 0.954974 0.954974 0.954974
7885.484375 0.000000 1767.511963 0.000000 0.776318 0.000000 0.630341 0.813190 0.813190 0.813190
7890.975586 0.000000 1773.819214 0.000000 0.550490 0.000000 0.834842 0.879403 0.879403 0.879403
7895.680176 0.000000 1773.865723 0.000000 0.752055 0.000000 0.659100 0.954187 0.954187 0.954187
7953.219727 0.000000 1649.505615 0.000000 0.841646 0.000000 0.540030 0.388698 0.388698 0.388698
7952.790527 0.000000 1646.202148 0.000000 0.016144 0.000000 0.999870 0.230446 0.230446 0.230446
7988.122559 0.000000 1675.712036 0.000000 0.815942 0.000000 0.578134 0.388040 0.388040 0.388040
7995.484375 0.000000 1679.243164 0.000000 0.860154 0.000000 0.510035 0.467369 0.467369 0.467369
7991.349609 0.000000 1678.516846 0.000000 0.843919 0.000000 0.536471 0.658076 0.658076 0.658076
7995.452148 0.000000 1677.936401 0.000000 0.570292 0.000000 0.821442 0.583621 0.583621 0.583621
7952.218750 0.000000 1659.664551 0.000000 0.473657 0.000000 0.880709 0.677652 0.677652 0.677652
7988.704102 0.000000 1676.490234 0.000000 0.076710 0.000000 0.997054 0.904888 0.904888 0.904888
7951.457031 0.000000 1659.078247 0.000000 0.032556 0.000000 0.999470 0.724190 0.724190 0.724190
7955.825195 0.000000 1648.724976 0.000000 0.063819 0.000000 0.997962 0.904066 0.904066 0.904066
7990.848145 0.000000 1677.895874 0.000000 0.362029 0.000000 0.932167 0.903805 0.903805 0.903805
7941.517090 0.000000 1684.195068 0.000000 0.094063 0.000000 0.995566 0.905997 0.905997 0.905997
8011.442871 0.000000 1655.855469 0.000000 0.465047 0.000000 0.885286 0.283014 0.283014 0.283014
8005.481934 0.000000 1674.832886 0.000000 0.299595 0.000000 0.954066 0.919370 0.919370 0.919370
8005.510742 0.000000 1650.680054 0.000000 0.730403 0.000000 0.683016 0.952134 0.952134 0.952134
8002.038574 0.000000 1672.262695 0.000000 0.536893 0.000000 0.843650 0.936080 0.936080 0.936080
7989.071289 0.000000 1699.272583 0.000000 0.803260 0.000000 0.595629 0.397018 0.397018 0.397018
7945.062988 0.000000 1736.511230 0.000000 0.363218 0.000000 0.931704 0.530680 0.530680 0.530680
7964.115234 0.000000 1748.359253 0.000000 0.529385 0.000000 0.848382 0.752066 0.752066 0.752066
7991.814453 0.000000 1711.243042 0.000000 0.434845 0.000000 0.900505 0.780077 0.780077 0.780077
7963.948730 0.000000 1746.356934 0.000000 0.714092 0.000000 0.700052 0.679255 0.679255 0.679255
7991.095703 0.000000 1700.791260 0.000000 0.749331 0.000000 0.662196 0.953925 0.953925 0.953925
7988.485840 0.000000 1712.054810 0.000000 0.588764 0.000000 0.808305 0.940077 0.940077 0.940077
7962.685059 0.000000 1730.672607 0.000000 0.797162 0.000000 0.603765 0.924749 0.924749 0.924749
7963.588867 0.000000 1731.313965 0.000000 0.818895 0.000000 0.573943 0.929033 0.929033 0.929033
7964.115723 0.000000 1729.743164 0.000000 0.729991 0.000000 0.683457 0.952095 0.952095 0.952095
7964.295410 0.000000 1730.906982 0.000000 0.792941 0.000000 0.609298 0.956327 0.956327 0.956327
7965.767578 0.000000 1730.904907 0.000000 0.399615 0.000000 0.916683 0.922697 0.922697 0.922697
7988.718262 0.000000 1713.434204 0.000000 0.769179 0.000000 0.639034 0.955867 0.955867 0.955867
7990.962402 0.000000 1698.929688 0.000000 0.251917 0.000000 0.967749 0.916212 0.916212 0.916212
4282.145020 0.000000 2304.519043 0.000000 0.148145 0.000000 0.988966 0.451315 0.451315 0.451315
4284.995605 0.000000 2312.780762 0.000000 0.286797 0.000000 0.957991 0.868670 0.868670 0.868670
4298.577148 0.000000 2313.013672 0.000000 0.808236 0.000000 0.588858 0.826392 0.826392 0.826392
4341.007812 0.000000 2357.009766 0.000000 0.108914 0.000000 0.994051 0.233432 0.233432 0.233432
4342.203613 0.000000 2356.189941 0.000000 0.324061 0.000000 0.946036 0.294160 0.294160 0.294160
4340.589844 0.000000 2359.278076 0.000000 0.698192 0.000000 0.715911 0.463438 0.463438 0.463438
4299.890137 0.000000 2366.592285 0.000000 0.110488 0.000000 0.993877 0.351348 0.351348 0.351348
4282.830078 0.000000 2390.598145 0.000000 0.096876 0.000000 0.995296 0.442957 0.442957 0.442957
4262.548340 0.000000 2394.962646 0.000000 0.559570 0.000000 0.828783 0.898296 0.898296 0.898296
4295.408691 0.000000 2390.181152 0.000000 0.769354 0.000000 0.638823 0.356494 0.356494 0.356494
4328.256348 0.000000 2389.191406 0.000000 0.735391 0.000000 0.677643 0.370905 0.370905 0.370905
4302.222168 0.000000 2395.494629 0.000000 0.475130 0.000000 0.879916 0.315909 0.315909 0.315909
4310.404297 0.000000 2397.958984 0.000000 0.240095 0.000000 0.970749 0.278641 0.278641 0.278641
4337.096680 0.000000 2380.037354 0.000000 0.087708 0.000000 0.996146 0.266199 0.266199 0.266199
4327.639160 0.000000 2399.416992 0.000000 0.268673 0.000000 0.963231 0.402671 0.402671 0.402671
4312.429199 0.000000 2396.277344 0.000000 0.849407 0.000000 0.527738 0.478052 0.478052 0.478052
4320.724121 0.000000 2394.760010 0.000000 0.105453 0.000000 0.994424 0.359084 0.359084 0.359084
4343.381348 0.000000 2386.370605 0.000000 0.823824 0.000000 0.566846 0.681960 0.681960 0.681960
4300.187012 0.000000 2392.616211 0.000000 0.132151 0.000000 0.991230 0.425486 0.425486 0.425486
4324.296387 0.000000 2399.328857 0.000000 0.524463 0.000000 0.851433 0.734916 0.734916 0.734916
4347.654297 0.000000 2392.177002 0.000000 0.288306 0.000000 0.957538 0.762507 0.762507 0.762507
4326.326660 0.000000 2387.127197 0.000000 0.227875 0.000000 0.973690 0.619922 0.619922 0.619922
4326.277344 0.000000 2388.269531 0.000000 0.021936 0.000000 0.999759 0.794673 0.794673 0.794673
4289.927246 0.000000 2389.848877 0.000000 0.197423 0.000000 0.980318 0.912651 0.912651 0.912651
4327.477051 0.000000 2389.545166 0.000000 0.074151 0.000000 0.997247 0.801604 0.801604 0.801604
7894.346191 0.000000 1963.733765 0.000000 0.602112 0.000000 0.798412 0.712292 0.712292 0.712292
7943.787598 0.000000 1847.437866 0.000000 0.075900 0.000000 0.997115 0.904837 0.904837 0.904837
"}
object={
	name="palm_dense_generator_3_1"
	clamp_to_water_level=no
	render_under_water=no
	generated_content=yes
	layer="semidynamic_high"
	pdxmesh="tree_palm_02_mesh"
	count=320
	transform="897.803467 0.000000 730.138489 0.000000 0.970852 0.000000 0.239681 0.642218 0.642218 0.642218
937.344238 0.000000 727.240356 0.000000 0.877110 0.000000 0.480290 0.804550 0.804550 0.804550
897.212036 0.000000 729.482971 0.000000 0.900511 0.000000 0.434833 0.971362 0.971362 0.971362
999.671997 0.000000 723.253235 0.000000 0.999555 0.000000 0.029842 0.996803 0.996803 0.996803
998.179810 0.000000 722.460266 0.000000 0.969611 0.000000 -0.244651 1.026471 1.026471 1.026471
904.217163 0.000000 780.910095 0.000000 0.980216 0.000000 0.197931 0.737336 0.737336 0.737336
902.438354 0.000000 781.270020 0.000000 0.928809 0.000000 -0.370560 1.024167 1.024167 1.024167
903.696289 0.000000 781.669434 0.000000 0.868857 0.000000 0.495064 0.967029 0.967029 0.967029
905.566040 0.000000 779.794067 0.000000 0.959286 0.000000 0.282437 0.981771 0.981771 0.981771
1011.004150 0.000000 737.940552 0.000000 0.934002 0.000000 0.357269 0.881706 0.881706 0.881706
974.206665 0.000000 746.223450 0.000000 0.933236 0.000000 0.359263 0.805044 0.805044 0.805044
986.913879 0.000000 741.904785 0.000000 0.943587 0.000000 -0.331124 1.038002 1.038002 1.038002
1012.597900 0.000000 736.855835 0.000000 0.999199 0.000000 0.040017 0.997452 0.997452 0.997452
1012.795593 0.000000 735.251587 0.000000 0.999716 0.000000 -0.023816 1.001516 1.001516 1.001516
987.628662 0.000000 741.446533 0.000000 0.888083 0.000000 0.459683 0.922539 0.922539 0.922539
896.371521 0.000000 795.866089 0.000000 0.995997 0.000000 -0.089391 0.515788 0.515788 0.515788
928.818359 0.000000 809.399536 0.000000 0.999453 0.000000 0.033060 0.877218 0.877218 0.877218
897.423706 0.000000 792.215393 0.000000 0.944964 0.000000 -0.327174 0.967239 0.967239 0.967239
948.499512 0.000000 835.581970 0.000000 0.967812 0.000000 -0.251675 1.023437 1.023437 1.023437
979.835510 0.000000 811.668335 0.000000 0.908318 0.000000 -0.418281 0.571916 0.571916 0.571916
979.301880 0.000000 810.350098 0.000000 0.943226 0.000000 0.332151 0.443577 0.443577 0.443577
995.712952 0.000000 807.561707 0.000000 0.873836 0.000000 0.486221 0.707279 0.707279 0.707279
994.505981 0.000000 806.212585 0.000000 0.895114 0.000000 -0.445837 0.863786 0.863786 0.863786
1176.785278 0.000000 663.825439 0.000000 0.999210 0.000000 -0.039738 1.002530 1.002530 1.002530
1178.283936 0.000000 662.562988 0.000000 0.973438 0.000000 0.228950 0.985294 0.985294 0.985294
1178.442017 0.000000 661.039917 0.000000 0.954317 0.000000 -0.298795 1.019317 1.019317 1.019317
1028.151978 0.000000 696.005859 0.000000 0.981493 0.000000 -0.191499 1.012267 1.012267 1.012267
1028.055786 0.000000 696.985596 0.000000 0.990530 0.000000 0.137298 0.991232 0.991232 0.991232
2713.505615 0.000000 1239.943604 0.000000 0.913393 0.000000 -0.407079 0.591219 0.591219 0.591219
2719.334473 0.000000 1227.157349 0.000000 0.993149 0.000000 -0.116857 0.525045 0.525045 0.525045
2721.947754 0.000000 1235.645386 0.000000 0.986381 0.000000 0.164474 0.464423 0.464423 0.464423
2716.380127 0.000000 1241.022217 0.000000 0.869404 0.000000 0.494103 0.393750 0.393750 0.393750
2674.789307 0.000000 1254.743530 0.000000 0.999993 0.000000 0.003688 0.499192 0.499192 0.499192
2678.173828 0.000000 1248.840454 0.000000 0.884658 0.000000 0.466240 0.395195 0.395195 0.395195
2687.697998 0.000000 1287.380371 0.000000 0.999774 0.000000 0.021246 0.495695 0.495695 0.495695
2687.510498 0.000000 1267.392944 0.000000 0.912495 0.000000 0.409088 0.415563 0.415563 0.415563
2696.173828 0.000000 1264.922607 0.000000 0.967294 0.000000 0.253657 0.447659 0.447659 0.447659
8060.034180 0.000000 669.151367 0.000000 0.898797 0.000000 -0.438366 0.587515 0.587515 0.587515
8063.210449 0.000000 655.929932 0.000000 0.984712 0.000000 0.174189 0.468725 0.468725 0.468725
8057.993164 0.000000 657.924011 0.000000 0.991406 0.000000 0.130823 0.477940 0.477940 0.477940
8054.238281 0.000000 677.690186 0.000000 0.990673 0.000000 -0.136261 0.520935 0.520935 0.520935
8052.601074 0.000000 672.265686 0.000000 0.987626 0.000000 -0.156826 0.523294 0.523294 0.523294
8046.722168 0.000000 669.139709 0.000000 0.882659 0.000000 -0.470014 0.623665 0.623665 0.623665
8059.539551 0.000000 673.862793 0.000000 0.882781 0.000000 -0.469785 0.574904 0.574904 0.574904
8050.163574 0.000000 668.303772 0.000000 0.984569 0.000000 -0.174998 0.526020 0.526020 0.526020
8050.113770 0.000000 667.083496 0.000000 0.922043 0.000000 -0.387088 0.589143 0.589143 0.589143
8058.917480 0.000000 668.574768 0.000000 0.900456 0.000000 -0.434946 0.612517 0.612517 0.612517
8050.230469 0.000000 672.284485 0.000000 0.894894 0.000000 0.446278 0.515884 0.515884 0.515884
8051.368652 0.000000 672.814026 0.000000 0.984043 0.000000 0.177932 0.560258 0.560258 0.560258
8051.127441 0.000000 670.369507 0.000000 0.962565 0.000000 -0.271052 0.789673 0.789673 0.789673
8055.349609 0.000000 661.798157 0.000000 0.962344 0.000000 0.271836 0.554758 0.554758 0.554758
8044.530762 0.000000 676.279846 0.000000 0.873254 0.000000 -0.487264 1.032401 1.032401 1.032401
8081.432129 0.000000 619.974609 0.000000 0.894246 0.000000 -0.447575 0.686218 0.686218 0.686218
8089.237793 0.000000 627.487000 0.000000 0.997589 0.000000 -0.069402 0.514956 0.514956 0.514956
8064.163086 0.000000 656.074646 0.000000 0.982765 0.000000 0.184858 0.460104 0.460104 0.460104
8097.491699 0.000000 627.223389 0.000000 0.959837 0.000000 0.280557 0.441322 0.441322 0.441322
8069.141602 0.000000 646.834351 0.000000 0.935279 0.000000 0.353911 0.428608 0.428608 0.428608
8067.099121 0.000000 648.029785 0.000000 0.968939 0.000000 0.247301 0.451057 0.451057 0.451057
8071.699707 0.000000 637.182983 0.000000 0.928021 0.000000 0.372527 0.434671 0.434671 0.434671
8082.929199 0.000000 626.802368 0.000000 0.976412 0.000000 0.215916 0.460962 0.460962 0.460962
8085.555664 0.000000 625.413208 0.000000 0.999415 0.000000 -0.034193 0.505417 0.505417 0.505417
8087.673828 0.000000 627.284241 0.000000 0.952083 0.000000 -0.305840 0.548537 0.548537 0.548537
8070.267578 0.000000 645.768188 0.000000 0.998437 0.000000 0.055894 0.490513 0.490513 0.490513
8086.733398 0.000000 630.099243 0.000000 0.996042 0.000000 0.088888 0.485701 0.485701 0.485701
8086.014160 0.000000 626.862183 0.000000 0.928471 0.000000 -0.371405 0.559422 0.559422 0.559422
8064.126465 0.000000 667.011047 0.000000 0.965509 0.000000 0.260369 0.460643 0.460643 0.460643
8067.149902 0.000000 667.121399 0.000000 0.895058 0.000000 0.445950 0.660200 0.660200 0.660200
8094.069336 0.000000 634.456299 0.000000 0.910688 0.000000 0.413095 0.795879 0.795879 0.795879
8076.654785 0.000000 625.032532 0.000000 0.990513 0.000000 0.137419 0.576366 0.576366 0.576366
8073.821777 0.000000 644.171753 0.000000 0.960266 0.000000 -0.279085 1.018006 1.018006 1.018006
8047.339355 0.000000 678.058533 0.000000 0.986452 0.000000 0.164051 0.467477 0.467477 0.467477
8045.143066 0.000000 678.114807 0.000000 0.950782 0.000000 0.309861 0.439713 0.439713 0.439713
8034.097168 0.000000 692.107361 0.000000 0.966959 0.000000 0.254931 0.972392 0.972392 0.972392
8035.757812 0.000000 692.685364 0.000000 0.977591 0.000000 0.210512 0.977284 0.977284 0.977284
7871.025879 0.000000 1009.599548 0.000000 0.999977 0.000000 -0.006835 0.501134 0.501134 0.501134
7870.841797 0.000000 1014.766663 0.000000 0.945935 0.000000 0.324356 0.460992 0.460992 0.460992
7863.533691 0.000000 1014.189880 0.000000 0.955364 0.000000 0.295431 0.637717 0.637717 0.637717
7904.801270 0.000000 988.549622 0.000000 0.975071 0.000000 -0.221892 0.543321 0.543321 0.543321
7906.177734 0.000000 987.167542 0.000000 0.972523 0.000000 0.232809 0.457325 0.457325 0.457325
7893.917480 0.000000 1004.496643 0.000000 0.994975 0.000000 0.100128 0.481859 0.481859 0.481859
7884.970703 0.000000 1007.220154 0.000000 0.996579 0.000000 0.082650 0.484910 0.484910 0.484910
7890.634277 0.000000 1005.503052 0.000000 0.998195 0.000000 -0.060063 0.510555 0.510555 0.510555
7921.352051 0.000000 1013.368042 0.000000 0.963263 0.000000 -0.268558 0.542663 0.542663 0.542663
7895.843750 0.000000 998.574524 0.000000 0.940009 0.000000 0.341150 0.495910 0.495910 0.495910
7900.419922 0.000000 991.777283 0.000000 0.957219 0.000000 -0.289366 0.664227 0.664227 0.664227
7889.965332 0.000000 1000.859497 0.000000 0.888176 0.000000 0.459504 0.737199 0.737199 0.737199
7879.104492 0.000000 1004.531311 0.000000 0.982753 0.000000 0.184925 0.764139 0.764139 0.764139
7888.604004 0.000000 1003.892090 0.000000 0.923907 0.000000 0.382618 0.867351 0.867351 0.867351
7888.302246 0.000000 1002.533447 0.000000 0.960197 0.000000 -0.279323 0.969097 0.969097 0.969097
7922.770508 0.000000 1013.176819 0.000000 0.936212 0.000000 0.351437 0.977139 0.977139 0.977139
7892.676758 0.000000 999.402954 0.000000 0.985801 0.000000 0.167917 0.936139 0.936139 0.936139
7875.833008 0.000000 1012.847778 0.000000 0.895471 0.000000 0.445120 0.949211 0.949211 0.949211
7925.358887 0.000000 1010.907349 0.000000 0.992301 0.000000 0.123848 0.988933 0.988933 0.988933
7857.687988 0.000000 1025.671265 0.000000 0.930088 0.000000 0.367337 0.427739 0.427739 0.427739
7862.041992 0.000000 1016.761047 0.000000 0.940771 0.000000 -0.339041 0.554015 0.554015 0.554015
7853.442383 0.000000 1028.481567 0.000000 0.889703 0.000000 0.456540 0.532948 0.532948 0.532948
7867.503906 0.000000 1018.624023 0.000000 0.977715 0.000000 -0.209938 0.576269 0.576269 0.576269
7847.188477 0.000000 1029.831787 0.000000 0.988946 0.000000 -0.148278 0.720209 0.720209 0.720209
7856.027344 0.000000 1020.725525 0.000000 0.976827 0.000000 -0.214030 0.992293 0.992293 0.992293
7851.391113 0.000000 1026.411255 0.000000 0.952604 0.000000 -0.304213 1.041904 1.041904 1.041904
7850.464355 0.000000 1026.572632 0.000000 0.906118 0.000000 -0.423025 1.059211 1.059211 1.059211
7846.326660 0.000000 1031.502075 0.000000 0.982773 0.000000 0.184815 0.873456 0.873456 0.873456
7856.166992 0.000000 1027.525757 0.000000 0.934329 0.000000 0.356411 0.765313 0.765313 0.765313
7844.006348 0.000000 1034.351196 0.000000 0.988365 0.000000 -0.152099 1.009721 1.009721 1.009721
7847.637207 0.000000 1035.660156 0.000000 0.943562 0.000000 -0.331197 1.021490 1.021490 1.021490
7842.479492 0.000000 1035.039795 0.000000 0.981084 0.000000 -0.193582 1.012402 1.012402 1.012402
7850.220215 0.000000 1031.971558 0.000000 0.998688 0.000000 0.051207 0.982939 0.982939 0.982939
7845.660645 0.000000 1034.118286 0.000000 0.998363 0.000000 -0.057188 1.003643 1.003643 1.003643
7841.297852 0.000000 1036.809692 0.000000 0.989663 0.000000 -0.143413 1.009162 1.009162 1.009162
7840.977539 0.000000 1038.377075 0.000000 0.956789 0.000000 -0.290784 1.018783 1.018783 1.018783
7854.669922 0.000000 1023.005188 0.000000 0.994262 0.000000 -0.106977 1.006823 1.006823 1.006823
7909.374023 0.000000 1022.685303 0.000000 0.996157 0.000000 0.087581 0.485715 0.485715 0.485715
7921.195312 0.000000 1017.081665 0.000000 0.998023 0.000000 0.062849 0.607668 0.607668 0.607668
7930.093750 0.000000 1103.640015 0.000000 0.996367 0.000000 0.085161 0.526303 0.526303 0.526303
7929.305176 0.000000 1124.399902 0.000000 0.955710 0.000000 -0.294311 0.655035 0.655035 0.655035
7952.360840 0.000000 1063.263306 0.000000 0.905454 0.000000 0.424444 0.625006 0.625006 0.625006
7948.748535 0.000000 1078.898315 0.000000 0.908027 0.000000 -0.418911 0.671064 0.671064 0.671064
7948.807129 0.000000 1076.084473 0.000000 0.988833 0.000000 -0.149028 1.009523 1.009523 1.009523
8164.742188 0.000000 1126.408325 0.000000 0.872841 0.000000 0.488004 0.408171 0.408171 0.408171
8144.485352 0.000000 1098.315308 0.000000 0.997427 0.000000 -0.071683 0.512225 0.512225 0.512225
8160.052246 0.000000 1073.225342 0.000000 0.994616 0.000000 -0.103627 0.515823 0.515823 0.515823
8167.243164 0.000000 1124.103394 0.000000 0.958943 0.000000 0.283598 0.453805 0.453805 0.453805
8157.510254 0.000000 1087.266113 0.000000 0.956406 0.000000 -0.292040 0.614443 0.614443 0.614443
8143.223145 0.000000 1101.549683 0.000000 0.999988 0.000000 0.004793 0.562987 0.562987 0.562987
8154.370605 0.000000 1095.792847 0.000000 0.904886 0.000000 0.425655 0.495967 0.495967 0.495967
8161.498047 0.000000 1121.417969 0.000000 0.964800 0.000000 0.262986 0.494165 0.494165 0.494165
8172.898438 0.000000 1129.063965 0.000000 0.982580 0.000000 0.185839 0.477405 0.477405 0.477405
8152.998535 0.000000 1103.959839 0.000000 0.909022 0.000000 -0.416748 0.745946 0.745946 0.745946
8169.375000 0.000000 1127.246094 0.000000 0.944920 0.000000 -0.327301 0.813884 0.813884 0.813884
8150.742676 0.000000 1099.831299 0.000000 0.997635 0.000000 -0.068730 0.697411 0.697411 0.697411
8154.429199 0.000000 1107.690918 0.000000 0.896580 0.000000 0.442882 0.720166 0.720166 0.720166
8139.374512 0.000000 1105.233887 0.000000 0.889907 0.000000 0.456141 0.829327 0.829327 0.829327
8159.611328 0.000000 1098.619629 0.000000 0.974375 0.000000 -0.224931 0.979677 0.979677 0.979677
8146.806152 0.000000 1102.096313 0.000000 0.999661 0.000000 0.026033 0.745773 0.745773 0.745773
8140.727539 0.000000 1095.220215 0.000000 0.946115 0.000000 -0.323832 1.036909 1.036909 1.036909
8141.398926 0.000000 1095.896606 0.000000 0.999624 0.000000 -0.027428 0.994082 0.994082 0.994082
8140.908691 0.000000 1094.092529 0.000000 0.968675 0.000000 -0.248333 1.025744 1.025744 1.025744
8136.997559 0.000000 1096.006348 0.000000 0.922564 0.000000 0.385845 0.974782 0.974782 0.974782
8156.412109 0.000000 1099.075684 0.000000 0.900523 0.000000 0.434809 0.971363 0.971363 0.971363
8138.929688 0.000000 1097.215210 0.000000 0.999292 0.000000 -0.037609 1.002395 1.002395 1.002395
8143.156250 0.000000 1096.017090 0.000000 0.949315 0.000000 -0.314326 1.020356 1.020356 1.020356
8142.183594 0.000000 1097.544922 0.000000 0.896342 0.000000 0.443364 0.970757 0.970757 0.970757
8170.893066 0.000000 1128.158813 0.000000 0.939116 0.000000 -0.343601 1.039880 1.039880 1.039880
8150.974121 0.000000 1104.043579 0.000000 0.964211 0.000000 0.265136 0.982917 0.982917 0.982917
8145.608887 0.000000 1105.320557 0.000000 0.967917 0.000000 0.251268 0.983830 0.983830 0.983830
8153.430664 0.000000 1095.682495 0.000000 0.947657 0.000000 -0.319291 1.020689 1.020689 1.020689
8140.858398 0.000000 1103.896362 0.000000 0.912571 0.000000 -0.408918 1.056477 1.056477 1.056477
8141.361328 0.000000 1098.650513 0.000000 0.919741 0.000000 -0.392525 1.044411 1.044411 1.044411
8136.460938 0.000000 1098.387695 0.000000 0.941083 0.000000 0.338176 0.978038 0.978038 0.978038
8137.821777 0.000000 1096.046753 0.000000 0.999207 0.000000 -0.039815 1.002535 1.002535 1.002535
8160.008789 0.000000 1123.997925 0.000000 0.882865 0.000000 0.469628 0.968878 0.968878 0.968878
8147.177734 0.000000 1107.984741 0.000000 0.958267 0.000000 -0.285876 1.018457 1.018457 1.018457
8147.422363 0.000000 1105.777100 0.000000 0.892897 0.000000 0.450261 0.970266 0.970266 0.970266
8157.869141 0.000000 1097.026001 0.000000 0.999011 0.000000 0.044456 0.997169 0.997169 0.997169
8161.051270 0.000000 1122.064697 0.000000 0.990864 0.000000 0.134862 0.991388 0.991388 0.991388
7919.537109 0.000000 1156.815918 0.000000 0.922771 0.000000 0.385350 0.417190 0.417190 0.417190
7918.693848 0.000000 1161.746094 0.000000 0.933084 0.000000 0.359659 0.425465 0.425465 0.425465
7911.465820 0.000000 1139.573242 0.000000 0.872111 0.000000 -0.489307 0.598991 0.598991 0.598991
7898.062500 0.000000 1156.725098 0.000000 0.999012 0.000000 -0.044436 0.507707 0.507707 0.507707
7916.736816 0.000000 1132.509521 0.000000 0.866339 0.000000 -0.499456 0.664902 0.664902 0.664902
7893.500000 0.000000 1159.871216 0.000000 0.976605 0.000000 -0.215041 0.809586 0.809586 0.809586
7900.615723 0.000000 1164.174194 0.000000 0.948877 0.000000 0.315647 0.595545 0.595545 0.595545
7742.572266 0.000000 1293.174072 0.000000 0.968111 0.000000 -0.250521 0.637849 0.637849 0.637849
7742.141113 0.000000 1289.524536 0.000000 0.988550 0.000000 -0.150896 0.789258 0.789258 0.789258
7742.093750 0.000000 1291.533203 0.000000 0.978180 0.000000 0.207759 0.730784 0.730784 0.730784
7776.754395 0.000000 1293.157227 0.000000 0.996873 0.000000 0.079021 0.488240 0.488240 0.488240
7777.152344 0.000000 1288.824097 0.000000 0.945909 0.000000 -0.324432 0.549864 0.549864 0.549864
7784.559570 0.000000 1269.342163 0.000000 0.931312 0.000000 0.364223 0.953930 0.953930 0.953930
7791.123047 0.000000 1266.290161 0.000000 0.999057 0.000000 -0.043408 1.003545 1.003545 1.003545
7790.829590 0.000000 1264.622803 0.000000 0.987940 0.000000 0.154839 0.990103 0.990103 0.990103
7791.766602 0.000000 1264.717773 0.000000 0.947789 0.000000 -0.318898 1.020663 1.020663 1.020663
7778.980957 0.000000 1270.927246 0.000000 0.995932 0.000000 0.090113 0.994120 0.994120 0.994120
7790.347168 0.000000 1265.335327 0.000000 0.889300 0.000000 0.457325 0.969762 0.969762 0.969762
7754.463867 0.000000 1287.169922 0.000000 0.991006 0.000000 -0.133818 1.008545 1.008545 1.008545
7746.363770 0.000000 1292.041504 0.000000 0.991375 0.000000 0.131055 0.991633 0.991633 0.991633
7773.446777 0.000000 1295.418701 0.000000 0.983174 0.000000 0.182672 0.988305 0.988305 0.988305
7775.141602 0.000000 1293.768433 0.000000 0.999512 0.000000 -0.031233 1.001989 1.001989 1.001989
7766.782715 0.000000 1306.443970 0.000000 0.921829 0.000000 0.387597 0.419064 0.419064 0.419064
7766.014160 0.000000 1304.674683 0.000000 0.907775 0.000000 0.419457 0.445844 0.445844 0.445844
7755.572266 0.000000 1324.719482 0.000000 0.989546 0.000000 -0.144216 0.797932 0.797932 0.797932
7755.583496 0.000000 1325.727051 0.000000 0.905332 0.000000 -0.424704 0.845499 0.845499 0.845499
7758.202637 0.000000 1312.844849 0.000000 0.912906 0.000000 -0.408169 0.803600 0.803600 0.803600
7761.243164 0.000000 1312.722534 0.000000 0.910813 0.000000 -0.412819 1.027091 1.027091 1.027091
7759.156250 0.000000 1321.954590 0.000000 0.898685 0.000000 -0.438594 1.028905 1.028905 1.028905
7759.457031 0.000000 1320.171997 0.000000 0.882526 0.000000 0.470264 0.968832 0.968832 0.968832
7761.948242 0.000000 1313.345093 0.000000 0.988362 0.000000 -0.152117 1.009722 1.009722 1.009722
7763.719238 0.000000 1304.407349 0.000000 0.976465 0.000000 0.215677 0.978020 0.978020 0.978020
7759.194336 0.000000 1314.381470 0.000000 0.973867 0.000000 -0.227121 1.014586 1.014586 1.014586
7765.435059 0.000000 1304.089966 0.000000 0.974399 0.000000 -0.224826 1.014436 1.014436 1.014436
8127.416016 0.000000 1345.947632 0.000000 0.999831 0.000000 0.018391 0.998030 0.998030 0.998030
8128.969238 0.000000 1345.225464 0.000000 0.900530 0.000000 -0.434795 1.035374 1.035374 1.035374
8171.456543 0.000000 1315.331665 0.000000 0.983575 0.000000 -0.180498 1.011554 1.011554 1.011554
8170.220215 0.000000 1314.393433 0.000000 0.993504 0.000000 0.113795 0.992740 0.992740 0.992740
8172.686523 0.000000 1310.571167 0.000000 0.890108 0.000000 0.455750 0.953571 0.953571 0.953571
7889.267090 0.000000 1499.227539 0.000000 0.985216 0.000000 0.171319 0.471825 0.471825 0.471825
7899.792969 0.000000 1498.034546 0.000000 0.998203 0.000000 0.059928 0.491040 0.491040 0.491040
7898.905273 0.000000 1502.167114 0.000000 0.914423 0.000000 0.404759 0.589824 0.589824 0.589824
7893.500000 0.000000 1498.777466 0.000000 0.996167 0.000000 0.087468 0.848993 0.848993 0.848993
7896.817383 0.000000 1501.627319 0.000000 0.983756 0.000000 0.179510 0.725614 0.725614 0.725614
7896.250000 0.000000 1504.759888 0.000000 0.986248 0.000000 0.165270 0.861548 0.861548 0.861548
7897.831055 0.000000 1505.831909 0.000000 0.982514 0.000000 -0.186191 0.916253 0.916253 0.916253
7894.974121 0.000000 1499.434204 0.000000 0.989945 0.000000 -0.141451 0.995918 0.995918 0.995918
7889.608887 0.000000 1500.711182 0.000000 0.990963 0.000000 -0.134134 1.018641 1.018641 1.018641
7897.665527 0.000000 1499.966675 0.000000 0.915558 0.000000 -0.402186 1.030070 1.030070 1.030070
8101.604004 0.000000 1378.208984 0.000000 0.954610 0.000000 0.297858 0.448693 0.448693 0.448693
8106.562012 0.000000 1377.949097 0.000000 0.993459 0.000000 0.114187 0.985858 0.985858 0.985858
8132.651367 0.000000 1368.963623 0.000000 0.881607 0.000000 0.471984 0.780469 0.780469 0.780469
8122.406250 0.000000 1451.189697 0.000000 0.933339 0.000000 -0.358996 0.554315 0.554315 0.554315
8091.631348 0.000000 1467.959351 0.000000 0.997617 0.000000 0.068994 0.675095 0.675095 0.675095
8092.664062 0.000000 1464.652100 0.000000 0.990231 0.000000 0.139439 0.761715 0.761715 0.761715
8052.601074 0.000000 1519.531372 0.000000 0.979895 0.000000 -0.199514 0.529411 0.529411 0.529411
8053.900391 0.000000 1519.968506 0.000000 0.969326 0.000000 -0.245778 0.536360 0.536360 0.536360
8030.945801 0.000000 1553.541992 0.000000 0.871670 0.000000 0.490092 0.409275 0.409275 0.409275
8034.479492 0.000000 1543.399170 0.000000 0.970299 0.000000 -0.241909 1.015555 1.015555 1.015555
8032.140137 0.000000 1532.383789 0.000000 0.941633 0.000000 -0.336642 1.030087 1.030087 1.030087
8033.297852 0.000000 1545.169067 0.000000 0.998262 0.000000 0.058931 0.996246 0.996246 0.996246
8028.393066 0.000000 1555.775635 0.000000 0.906812 0.000000 0.421536 0.972298 0.972298 0.972298
8028.554688 0.000000 1554.451050 0.000000 0.967510 0.000000 -0.252832 1.016272 1.016272 1.016272
8073.676758 0.000000 1483.270264 0.000000 0.957561 0.000000 0.288231 0.454780 0.454780 0.454780
8065.515137 0.000000 1497.778809 0.000000 0.999614 0.000000 0.027799 0.544778 0.544778 0.544778
8076.269531 0.000000 1476.451416 0.000000 0.875755 0.000000 -0.482756 0.836653 0.836653 0.836653
8077.866699 0.000000 1477.563965 0.000000 0.998722 0.000000 -0.050547 0.763108 0.763108 0.763108
8065.834961 0.000000 1495.701660 0.000000 0.999336 0.000000 0.036428 0.995061 0.995061 0.995061
8111.346680 0.000000 1479.289795 0.000000 0.989823 0.000000 0.142307 0.990910 0.990910 0.990910
7806.841797 0.000000 1636.094727 0.000000 0.903544 0.000000 -0.428496 0.564840 0.564840 0.564840
7934.710938 0.000000 1619.788940 0.000000 0.977155 0.000000 0.212527 0.554740 0.554740 0.554740
7809.657715 0.000000 1638.550659 0.000000 0.998539 0.000000 0.054042 0.491638 0.491638 0.491638
7927.062500 0.000000 1689.064331 0.000000 0.875304 0.000000 0.483573 0.394342 0.394342 0.394342
7926.227051 0.000000 1692.215088 0.000000 0.883980 0.000000 0.467525 0.710712 0.710712 0.710712
7935.677246 0.000000 1681.933716 0.000000 0.961185 0.000000 -0.275903 1.017795 1.017795 1.017795
7789.326660 0.000000 1776.868408 0.000000 0.870836 0.000000 -0.491573 1.047341 1.047341 1.047341
7790.829590 0.000000 1772.982178 0.000000 0.971079 0.000000 0.238757 0.968762 0.968762 0.968762
7869.902344 0.000000 1717.381592 0.000000 0.973014 0.000000 0.230744 0.604865 0.604865 0.604865
7880.404785 0.000000 1714.959106 0.000000 0.915390 0.000000 0.402569 0.424129 0.424129 0.424129
7905.519531 0.000000 1702.392212 0.000000 0.996673 0.000000 0.081510 0.486218 0.486218 0.486218
7911.639160 0.000000 1721.604370 0.000000 0.996716 0.000000 0.080982 0.487704 0.487704 0.487704
7913.341797 0.000000 1723.181152 0.000000 0.919808 0.000000 -0.392370 0.615647 0.615647 0.615647
7911.180176 0.000000 1724.955566 0.000000 0.904304 0.000000 0.426889 0.688273 0.688273 0.688273
7913.171875 0.000000 1718.007812 0.000000 0.998487 0.000000 0.054981 0.878738 0.878738 0.878738
7920.027344 0.000000 1698.537964 0.000000 0.983987 0.000000 0.178240 0.799857 0.799857 0.799857
7913.785645 0.000000 1718.787231 0.000000 0.984918 0.000000 0.173023 0.860330 0.860330 0.860330
7913.134766 0.000000 1714.473267 0.000000 0.996960 0.000000 -0.077921 1.004966 1.004966 1.004966
7904.643555 0.000000 1724.199341 0.000000 0.941956 0.000000 0.335736 0.976664 0.976664 0.976664
7902.598145 0.000000 1722.054443 0.000000 0.977915 0.000000 0.209005 0.986596 0.986596 0.986596
7906.980957 0.000000 1722.802246 0.000000 0.982920 0.000000 0.184032 0.988217 0.988217 0.988217
7909.287109 0.000000 1725.767456 0.000000 0.985421 0.000000 0.170136 0.989116 0.989116 0.989116
7922.949219 0.000000 1697.343262 0.000000 0.998346 0.000000 -0.057493 1.003662 1.003662 1.003662
7923.281738 0.000000 1699.828247 0.000000 0.986956 0.000000 0.160987 0.989706 0.989706 0.989706
7906.152344 0.000000 1725.187256 0.000000 0.891653 0.000000 0.452719 0.970091 0.970091 0.970091
7861.553223 0.000000 1776.777100 0.000000 0.967017 0.000000 -0.254712 1.016396 1.016396 1.016396
7886.686523 0.000000 1765.607056 0.000000 0.986058 0.000000 -0.166399 0.533619 0.533619 0.533619
7891.004883 0.000000 1772.409790 0.000000 0.955796 0.000000 0.294032 0.963566 0.963566 0.963566
7887.258301 0.000000 1767.936768 0.000000 0.966071 0.000000 -0.258278 1.029545 1.029545 1.029545
7909.832520 0.000000 1770.099487 0.000000 0.998527 0.000000 -0.054254 1.003700 1.003700 1.003700
7909.271484 0.000000 1771.791504 0.000000 0.998284 0.000000 -0.058565 1.003994 1.003994 1.003994
8029.897949 0.000000 1582.587891 0.000000 0.997418 0.000000 -0.071818 1.000378 1.000378 1.000378
7956.994629 0.000000 1640.599609 0.000000 0.967077 0.000000 -0.254484 0.553287 0.553287 0.553287
7996.454590 0.000000 1678.385986 0.000000 0.921885 0.000000 -0.387464 0.574648 0.574648 0.574648
7953.469238 0.000000 1655.785278 0.000000 0.946418 0.000000 -0.322943 0.553568 0.553568 0.553568
7988.024414 0.000000 1678.366821 0.000000 0.959495 0.000000 -0.281724 0.722628 0.722628 0.722628
7953.124023 0.000000 1658.048340 0.000000 0.977882 0.000000 0.209156 0.814715 0.814715 0.814715
7989.139160 0.000000 1678.041870 0.000000 0.968901 0.000000 -0.247449 0.716884 0.716884 0.716884
7953.165527 0.000000 1659.230347 0.000000 0.936856 0.000000 0.349715 0.791537 0.791537 0.791537
7950.583984 0.000000 1659.261963 0.000000 0.971626 0.000000 0.236523 0.915775 0.915775 0.915775
7987.771973 0.000000 1676.573364 0.000000 0.976407 0.000000 0.215937 0.983536 0.983536 0.983536
7951.791992 0.000000 1658.026367 0.000000 0.998975 0.000000 -0.045273 0.957658 0.957658 0.957658
7957.121094 0.000000 1649.800049 0.000000 0.999843 0.000000 0.017715 0.998872 0.998872 0.998872
7990.477051 0.000000 1676.463379 0.000000 0.937377 0.000000 0.348316 0.971489 0.971489 0.971489
7986.114258 0.000000 1676.918213 0.000000 0.998870 0.000000 0.047535 0.996403 0.996403 0.996403
7955.006836 0.000000 1651.346558 0.000000 0.866786 0.000000 -0.498680 1.033236 1.033236 1.033236
7939.460938 0.000000 1682.736328 0.000000 0.978459 0.000000 -0.206442 1.013238 1.013238 1.013238
7989.161133 0.000000 1677.242188 0.000000 0.928221 0.000000 -0.372030 1.024268 1.024268 1.024268
7956.705078 0.000000 1648.300537 0.000000 0.985958 0.000000 0.166996 0.989319 0.989319 0.989319
8007.231934 0.000000 1651.286133 0.000000 0.981553 0.000000 0.191188 0.470103 0.470103 0.470103
8008.616211 0.000000 1655.290527 0.000000 0.997861 0.000000 -0.065373 0.510314 0.510314 0.510314
8005.606445 0.000000 1652.409058 0.000000 0.947222 0.000000 -0.320579 1.020776 1.020776 1.020776
8003.821777 0.000000 1674.249146 0.000000 0.921818 0.000000 0.387622 0.974659 0.974659 0.974659
8002.314941 0.000000 1673.773682 0.000000 0.995602 0.000000 -0.093681 1.005973 1.005973 1.005973
8004.695312 0.000000 1653.784668 0.000000 0.971740 0.000000 -0.236054 1.015171 1.015171 1.015171
8009.042969 0.000000 1653.405884 0.000000 0.987412 0.000000 -0.158171 1.010112 1.010112 1.010112
8003.000000 0.000000 1674.231201 0.000000 0.971703 0.000000 -0.236205 1.015181 1.015181 1.015181
8004.600586 0.000000 1652.194092 0.000000 0.989719 0.000000 -0.143028 1.009137 1.009137 1.009137
8008.957520 0.000000 1652.291870 0.000000 0.984588 0.000000 0.174891 0.988809 0.988809 0.988809
7967.005371 0.000000 1729.435913 0.000000 0.878234 0.000000 0.478232 0.402713 0.402713 0.402713
7993.144531 0.000000 1696.146484 0.000000 0.996357 0.000000 0.085278 0.485068 0.485068 0.485068
7968.342773 0.000000 1729.576660 0.000000 0.958005 0.000000 -0.286750 0.547684 0.547684 0.547684
7961.770020 0.000000 1733.698975 0.000000 0.980293 0.000000 0.197550 0.470585 0.470585 0.470585
7990.066406 0.000000 1711.586060 0.000000 0.969205 0.000000 0.246254 0.909231 0.909231 0.909231
7991.621094 0.000000 1709.423584 0.000000 0.900583 0.000000 0.434683 0.953185 0.953185 0.953185
7949.908691 0.000000 1736.890869 0.000000 0.941434 0.000000 -0.337198 1.021896 1.021896 1.021896
7946.469238 0.000000 1736.129272 0.000000 0.948054 0.000000 0.318109 0.979390 0.979390 0.979390
4284.675293 0.000000 2313.961914 0.000000 0.900498 0.000000 0.434861 0.953838 0.953838 0.953838
4292.508301 0.000000 2302.075439 0.000000 0.999056 0.000000 0.043435 0.605866 0.605866 0.605866
4299.432617 0.000000 2313.385498 0.000000 0.999968 0.000000 0.007978 0.920363 0.920363 0.920363
4341.101074 0.000000 2361.184814 0.000000 0.999497 0.000000 -0.031721 0.505786 0.505786 0.505786
4343.129883 0.000000 2342.452637 0.000000 0.929955 0.000000 -0.367673 0.575727 0.575727 0.575727
4341.656738 0.000000 2338.502686 0.000000 0.938372 0.000000 -0.345628 0.683672 0.683672 0.683672
4344.785645 0.000000 2344.383545 0.000000 0.915766 0.000000 0.401712 0.614498 0.614498 0.614498
4299.985352 0.000000 2365.359619 0.000000 0.998926 0.000000 -0.046345 1.005938 1.005938 1.005938
4280.654297 0.000000 2389.556641 0.000000 0.998706 0.000000 -0.050851 0.509011 0.509011 0.509011
4262.060059 0.000000 2393.167969 0.000000 0.984252 0.000000 0.176770 0.472516 0.472516 0.472516
4282.833496 0.000000 2391.752930 0.000000 0.994725 0.000000 -0.102574 0.697995 0.697995 0.697995
4334.042969 0.000000 2378.198486 0.000000 0.876939 0.000000 -0.480602 0.606826 0.606826 0.606826
4335.645996 0.000000 2380.041748 0.000000 0.877895 0.000000 -0.478853 0.598547 0.598547 0.598547
4329.262207 0.000000 2385.681396 0.000000 0.992259 0.000000 -0.124185 0.522800 0.522800 0.522800
4300.617676 0.000000 2388.990967 0.000000 0.951323 0.000000 0.308195 0.443802 0.443802 0.443802
4312.864258 0.000000 2398.897705 0.000000 0.986418 0.000000 -0.164252 0.524778 0.524778 0.524778
4320.590820 0.000000 2399.484619 0.000000 0.889377 0.000000 0.457174 0.499900 0.499900 0.499900
4340.250488 0.000000 2382.244385 0.000000 0.890545 0.000000 -0.454895 0.787463 0.787463 0.787463
4325.641602 0.000000 2399.626221 0.000000 0.980379 0.000000 0.197121 0.861530 0.861530 0.861530
4347.427246 0.000000 2395.528564 0.000000 0.993725 0.000000 -0.111852 0.846305 0.846305 0.846305
4329.507324 0.000000 2391.463623 0.000000 0.900299 0.000000 0.435272 0.827771 0.827771 0.827771
4318.344238 0.000000 2399.002441 0.000000 0.997849 0.000000 -0.065559 0.770444 0.770444 0.770444
4347.312012 0.000000 2393.462891 0.000000 0.994989 0.000000 -0.099985 0.965747 0.965747 0.965747
4300.740234 0.000000 2384.898682 0.000000 0.970267 0.000000 0.242038 0.925073 0.925073 0.925073
4296.505859 0.000000 2391.784180 0.000000 0.941588 0.000000 0.336768 0.961669 0.961669 0.961669
4301.493652 0.000000 2391.226074 0.000000 0.899201 0.000000 -0.437535 1.055285 1.055285 1.055285
4300.529785 0.000000 2386.559570 0.000000 0.890993 0.000000 -0.454017 1.038473 1.038473 1.038473
4301.942383 0.000000 2387.241699 0.000000 0.983312 0.000000 -0.181925 1.014935 1.014935 1.014935
7897.336426 0.000000 1958.467041 0.000000 0.979995 0.000000 0.199021 0.464510 0.464510 0.464510
"}
object={
	name="palm_dense_generator_3_2"
	clamp_to_water_level=no
	render_under_water=no
	generated_content=yes
	layer="semidynamic_high"
	pdxmesh="tree_palm_03_mesh"
	count=297
	transform="938.652222 0.000000 717.465149 0.000000 0.701332 0.000000 -0.712835 0.945612 0.945612 0.945612
896.029297 0.000000 729.377930 0.000000 0.797302 0.000000 -0.603581 1.041252 1.041252 1.041252
979.924194 0.000000 695.620361 0.000000 0.208947 0.000000 -0.977927 1.180330 1.180330 1.180330
979.119995 0.000000 694.981445 0.000000 0.685231 0.000000 -0.728325 1.108158 1.108158 1.108158
978.341736 0.000000 695.363892 0.000000 0.784134 0.000000 -0.620592 1.088753 1.088753 1.088753
944.914673 0.000000 751.480469 0.000000 0.196140 0.000000 -0.980576 0.757667 0.757667 0.757667
901.041260 0.000000 778.073425 0.000000 0.127120 0.000000 -0.991887 0.754576 0.754576 0.754576
930.393066 0.000000 786.998535 0.000000 0.197110 0.000000 -0.980381 0.729729 0.729729 0.729729
929.632324 0.000000 788.106262 0.000000 0.303007 0.000000 -0.952988 0.690600 0.690600 0.690600
946.121826 0.000000 751.349792 0.000000 0.837245 0.000000 -0.546827 0.714540 0.714540 0.714540
904.895203 0.000000 778.179810 0.000000 0.784065 0.000000 -0.620679 1.042629 1.042629 1.042629
994.977478 0.000000 805.280701 0.000000 0.830771 0.000000 -0.556615 0.605887 0.605887 0.605887
978.223816 0.000000 813.934387 0.000000 0.150589 0.000000 -0.988596 0.994807 0.994807 0.994807
979.004700 0.000000 812.175415 0.000000 0.063294 0.000000 -0.997995 1.009042 1.009042 1.009042
1121.062500 0.000000 673.402039 0.000000 0.798275 0.000000 -0.602293 0.633372 0.633372 0.633372
1123.546753 0.000000 674.288269 0.000000 0.051347 0.000000 -0.998681 0.916891 0.916891 0.916891
1136.198730 0.000000 644.999939 0.000000 0.813162 0.000000 -0.582037 0.941603 0.941603 0.941603
1177.396606 0.000000 662.326050 0.000000 0.172603 0.000000 -0.984991 1.088956 1.088956 1.088956
1179.670898 0.000000 663.485596 0.000000 0.389202 0.000000 -0.921153 1.074550 1.074550 1.074550
2715.595215 0.000000 1236.695557 0.000000 0.533851 0.000000 -0.845579 0.711691 0.711691 0.711691
2723.666992 0.000000 1222.658081 0.000000 0.421023 0.000000 -0.907050 0.737852 0.737852 0.737852
2717.423096 0.000000 1224.723755 0.000000 0.755901 0.000000 -0.654686 0.649417 0.649417 0.649417
2721.062500 0.000000 1238.245850 0.000000 0.493529 0.000000 -0.869730 0.719197 0.719197 0.719197
2700.375244 0.000000 1240.839722 0.000000 0.837676 0.000000 -0.546167 0.616623 0.616623 0.616623
2672.541992 0.000000 1265.241455 0.000000 0.360873 0.000000 -0.932615 0.765035 0.765035 0.765035
2669.942871 0.000000 1264.597168 0.000000 0.775316 0.000000 -0.631574 0.639514 0.639514 0.639514
2675.914307 0.000000 1248.444580 0.000000 0.348235 0.000000 -0.937407 0.742535 0.742535 0.742535
2698.565186 0.000000 1245.205200 0.000000 0.116026 0.000000 -0.993246 0.799033 0.799033 0.799033
8061.810547 0.000000 654.981567 0.000000 0.856877 0.000000 -0.515521 0.593097 0.593097 0.593097
8056.412109 0.000000 676.374207 0.000000 0.580914 0.000000 -0.813965 0.662031 0.662031 0.662031
8046.797363 0.000000 673.131226 0.000000 0.229812 0.000000 -0.973235 0.724907 0.724907 0.724907
8047.731934 0.000000 668.426880 0.000000 0.847655 0.000000 -0.530548 0.634335 0.634335 0.634335
8057.404785 0.000000 658.972290 0.000000 0.850772 0.000000 -0.525535 0.664492 0.664492 0.664492
8059.012207 0.000000 669.754944 0.000000 0.252606 0.000000 -0.967569 0.744071 0.744071 0.744071
8052.629395 0.000000 663.528259 0.000000 0.604191 0.000000 -0.796840 0.865441 0.865441 0.865441
8052.413574 0.000000 670.886169 0.000000 0.113727 0.000000 -0.993512 0.816084 0.816084 0.816084
8052.024414 0.000000 661.648010 0.000000 0.513377 0.000000 -0.858163 0.807388 0.807388 0.807388
8054.227051 0.000000 675.496338 0.000000 0.536462 0.000000 -0.843925 0.946591 0.946591 0.946591
8063.565430 0.000000 663.850342 0.000000 0.679091 0.000000 -0.734054 1.050585 1.050585 1.050585
8060.497559 0.000000 664.511108 0.000000 0.212535 0.000000 -0.977153 1.109995 1.109995 1.109995
8056.384766 0.000000 672.279480 0.000000 0.811592 0.000000 -0.584224 0.969999 0.969999 0.969999
8043.825684 0.000000 673.426697 0.000000 0.308647 0.000000 -0.951177 1.132747 1.132747 1.132747
8045.560547 0.000000 676.792603 0.000000 0.776107 0.000000 -0.630601 1.043438 1.043438 1.043438
8087.068359 0.000000 625.839294 0.000000 0.847579 0.000000 -0.530670 0.614587 0.614587 0.614587
8079.671387 0.000000 622.857239 0.000000 0.768460 0.000000 -0.639898 0.640155 0.640155 0.640155
8065.726074 0.000000 664.232605 0.000000 0.557994 0.000000 -0.829845 0.684377 0.684377 0.684377
8064.043457 0.000000 645.579163 0.000000 0.629793 0.000000 -0.776763 0.656227 0.656227 0.656227
8081.288086 0.000000 626.409363 0.000000 0.081056 0.000000 -0.996710 0.757168 0.757168 0.757168
8093.380859 0.000000 640.725769 0.000000 0.231734 0.000000 -0.972779 0.715784 0.715784 0.715784
8087.035156 0.000000 631.765259 0.000000 0.429622 0.000000 -0.903009 0.681011 0.681011 0.681011
8070.218750 0.000000 640.402222 0.000000 0.600622 0.000000 -0.799533 0.684955 0.684955 0.684955
8095.664551 0.000000 633.047180 0.000000 0.018461 0.000000 -0.999830 0.977693 0.977693 0.977693
8084.295898 0.000000 630.058105 0.000000 0.834451 0.000000 -0.551081 0.735634 0.735634 0.735634
8094.662598 0.000000 632.388245 0.000000 0.068903 0.000000 -0.997623 0.969489 0.969489 0.969489
8092.412109 0.000000 647.200684 0.000000 0.565826 0.000000 -0.824525 1.134313 1.134313 1.134313
8053.097168 0.000000 679.597839 0.000000 0.664802 0.000000 -0.747019 0.656371 0.656371 0.656371
8036.603516 0.000000 692.818176 0.000000 0.477117 0.000000 -0.878840 1.008733 1.008733 1.008733
7867.539551 0.000000 1012.769043 0.000000 0.578337 0.000000 -0.815798 0.642561 0.642561 0.642561
7870.572266 0.000000 1010.752136 0.000000 0.807480 0.000000 -0.589895 0.660956 0.660956 0.660956
7862.227051 0.000000 1014.402588 0.000000 0.049177 0.000000 -0.998790 0.932634 0.932634 0.932634
7886.401855 0.000000 1001.930237 0.000000 0.184200 0.000000 -0.982889 0.776552 0.776552 0.776552
7886.389648 0.000000 998.018799 0.000000 0.422643 0.000000 -0.906296 0.708590 0.708590 0.708590
7880.627441 0.000000 1000.258850 0.000000 0.076358 0.000000 -0.997080 0.746789 0.746789 0.746789
7875.094727 0.000000 1015.018555 0.000000 0.053982 0.000000 -0.998542 0.739822 0.739822 0.739822
7921.639160 0.000000 1015.991028 0.000000 0.535678 0.000000 -0.844422 0.818618 0.818618 0.818618
7900.615723 0.000000 994.721069 0.000000 0.459505 0.000000 -0.888175 0.993592 0.993592 0.993592
7886.294922 0.000000 1006.742676 0.000000 0.703126 0.000000 -0.711065 1.032222 1.032222 1.032222
7892.371094 0.000000 996.474854 0.000000 0.086772 0.000000 -0.996228 0.900797 0.900797 0.900797
7900.799316 0.000000 992.754150 0.000000 0.626245 0.000000 -0.779626 0.970999 0.970999 0.970999
7887.305664 0.000000 1002.416687 0.000000 0.795941 0.000000 -0.605375 1.073496 1.073496 1.073496
7895.120117 0.000000 997.852173 0.000000 0.413841 0.000000 -0.910349 1.123799 1.123799 1.123799
7887.460938 0.000000 1007.373169 0.000000 0.044295 0.000000 -0.999018 1.144221 1.144221 1.144221
7887.000977 0.000000 1003.918396 0.000000 0.698959 0.000000 -0.715162 1.094490 1.094490 1.094490
7924.202148 0.000000 1012.049500 0.000000 0.394064 0.000000 -0.919083 1.074214 1.074214 1.074214
7898.909668 0.000000 995.444885 0.000000 0.287496 0.000000 -0.957782 1.125506 1.125506 1.125506
7874.894043 0.000000 1013.094604 0.000000 0.768131 0.000000 -0.640293 1.076505 1.076505 1.076505
7838.952637 0.000000 1036.231079 0.000000 0.051198 0.000000 -0.998689 0.815825 0.815825 0.815825
7847.089844 0.000000 1032.031860 0.000000 0.536340 0.000000 -0.844002 0.673448 0.673448 0.673448
7855.029785 0.000000 1030.962280 0.000000 0.062718 0.000000 -0.998031 0.746788 0.746788 0.746788
7849.821777 0.000000 1031.175781 0.000000 0.499784 0.000000 -0.866150 0.778586 0.778586 0.778586
7850.844238 0.000000 1025.618652 0.000000 0.754877 0.000000 -0.655867 0.756722 0.756722 0.756722
7856.795410 0.000000 1026.743774 0.000000 0.377857 0.000000 -0.925864 1.012564 1.012564 1.012564
7866.572266 0.000000 1016.754761 0.000000 0.755543 0.000000 -0.655099 0.942336 0.942336 0.942336
7844.887207 0.000000 1032.871582 0.000000 0.538002 0.000000 -0.842944 0.888400 0.888400 0.888400
7868.553711 0.000000 1017.025574 0.000000 0.131043 0.000000 -0.991377 1.088753 1.088753 1.088753
7840.556641 0.000000 1040.407837 0.000000 0.440322 0.000000 -0.897840 1.090086 1.090086 1.090086
7861.387207 0.000000 1022.266907 0.000000 0.839529 0.000000 -0.543314 1.036566 1.036566 1.036566
7861.589844 0.000000 1023.540710 0.000000 0.541932 0.000000 -0.840423 1.063539 1.063539 1.063539
7843.418945 0.000000 1035.835449 0.000000 0.423182 0.000000 -0.906045 1.072183 1.072183 1.072183
7865.922852 0.000000 1018.589294 0.000000 0.816897 0.000000 -0.576783 1.044664 1.044664 1.044664
7844.796387 0.000000 1034.691528 0.000000 0.814555 0.000000 -0.580087 1.039396 1.039396 1.039396
7845.832520 0.000000 1035.802612 0.000000 0.020626 0.000000 -0.999787 1.098687 1.098687 1.098687
7839.615234 0.000000 1038.998291 0.000000 0.669839 0.000000 -0.742507 1.053273 1.053273 1.053273
7848.913574 0.000000 1035.287354 0.000000 0.677997 0.000000 -0.735064 1.068650 1.068650 1.068650
7848.171875 0.000000 1028.488647 0.000000 0.395887 0.000000 -0.918299 1.074088 1.074088 1.074088
7838.517578 0.000000 1038.166626 0.000000 0.691555 0.000000 -0.722324 1.051385 1.051385 1.051385
7905.473145 0.000000 1027.804688 0.000000 0.612305 0.000000 -0.790621 1.058048 1.058048 1.058048
7931.421387 0.000000 1105.087036 0.000000 0.715613 0.000000 -0.698497 1.049230 1.049230 1.049230
8153.349609 0.000000 1093.153809 0.000000 0.730009 0.000000 -0.683438 0.626521 0.626521 0.626521
8156.743164 0.000000 1101.816162 0.000000 0.802817 0.000000 -0.596225 0.607886 0.607886 0.607886
8152.864258 0.000000 1099.757080 0.000000 0.208664 0.000000 -0.977987 0.728151 0.728151 0.728151
8174.873535 0.000000 1122.304565 0.000000 0.865138 0.000000 -0.501533 0.736361 0.736361 0.736361
8183.218262 0.000000 1125.339600 0.000000 0.243438 0.000000 -0.969916 0.762331 0.762331 0.762331
8154.905273 0.000000 1106.776489 0.000000 0.703089 0.000000 -0.711101 0.921622 0.921622 0.921622
8149.654297 0.000000 1107.115967 0.000000 0.714820 0.000000 -0.699308 0.831576 0.831576 0.831576
8176.273926 0.000000 1102.478638 0.000000 0.129202 0.000000 -0.991618 1.155539 1.155539 1.155539
8140.542480 0.000000 1098.420044 0.000000 0.237796 0.000000 -0.971315 1.146507 1.146507 1.146507
8144.493164 0.000000 1103.305420 0.000000 0.540864 0.000000 -0.841110 1.001533 1.001533 1.001533
8141.445801 0.000000 1106.730103 0.000000 0.440916 0.000000 -0.897548 1.119403 1.119403 1.119403
8139.154297 0.000000 1104.307617 0.000000 0.784242 0.000000 -0.620455 1.004599 1.004599 1.004599
8140.309082 0.000000 1106.551025 0.000000 0.349361 0.000000 -0.936988 1.134040 1.134040 1.134040
8147.048828 0.000000 1106.448730 0.000000 0.290985 0.000000 -0.956728 1.081203 1.081203 1.081203
8161.003906 0.000000 1122.816406 0.000000 0.526896 0.000000 -0.849929 1.064671 1.064671 1.064671
8152.928711 0.000000 1094.009155 0.000000 0.355906 0.000000 -0.934522 1.076834 1.076834 1.076834
8149.483887 0.000000 1104.937744 0.000000 0.175531 0.000000 -0.984474 1.182756 1.182756 1.182756
8166.294434 0.000000 1079.141846 0.000000 0.570988 0.000000 -0.820958 1.061312 1.061312 1.061312
8140.186523 0.000000 1105.564575 0.000000 0.762273 0.000000 -0.647256 1.056416 1.056416 1.056416
8161.582520 0.000000 1123.494751 0.000000 0.496258 0.000000 -0.868175 1.066941 1.066941 1.066941
8143.677246 0.000000 1097.584106 0.000000 0.654648 0.000000 -0.755934 1.054563 1.054563 1.054563
8157.219238 0.000000 1097.530029 0.000000 0.713367 0.000000 -0.700790 1.049434 1.049434 1.049434
8149.999512 0.000000 1092.801025 0.000000 0.077064 0.000000 -0.997026 1.095089 1.095089 1.095089
8144.707031 0.000000 1106.130859 0.000000 0.576936 0.000000 -0.816790 1.065145 1.065145 1.065145
8144.707031 0.000000 1107.068604 0.000000 0.545482 0.000000 -0.838123 1.067735 1.067735 1.067735
8148.670410 0.000000 1092.514771 0.000000 0.077954 0.000000 -0.996957 1.095032 1.095032 1.095032
8155.549316 0.000000 1104.703613 0.000000 0.421677 0.000000 -0.906746 1.072288 1.072288 1.072288
8146.212402 0.000000 1106.608032 0.000000 0.117549 0.000000 -0.993067 1.092499 1.092499 1.092499
8154.578613 0.000000 1102.018921 0.000000 0.791939 0.000000 -0.610600 1.041814 1.041814 1.041814
8154.823730 0.000000 1103.598999 0.000000 0.409207 0.000000 -0.912441 1.073161 1.073161 1.073161
8146.795410 0.000000 1105.182007 0.000000 0.623431 0.000000 -0.781878 1.057148 1.057148 1.057148
7916.127930 0.000000 1157.128784 0.000000 0.729718 0.000000 -0.683748 0.651967 0.651967 0.651967
7908.560547 0.000000 1143.743286 0.000000 0.476548 0.000000 -0.879149 0.689446 0.689446 0.689446
7914.135254 0.000000 1134.187012 0.000000 0.192526 0.000000 -0.981292 0.730511 0.730511 0.730511
7890.834473 0.000000 1156.276978 0.000000 0.064505 0.000000 -0.997917 0.728445 0.728445 0.728445
7891.521973 0.000000 1161.463135 0.000000 0.751773 0.000000 -0.659422 0.610824 0.610824 0.610824
7894.292480 0.000000 1161.108032 0.000000 0.693010 0.000000 -0.720928 0.632966 0.632966 0.632966
7892.314941 0.000000 1156.593140 0.000000 0.773801 0.000000 -0.633429 0.611745 0.611745 0.611745
7912.703613 0.000000 1184.556030 0.000000 0.614659 0.000000 -0.788793 0.635117 0.635117 0.635117
7886.365723 0.000000 1172.684814 0.000000 0.072937 0.000000 -0.997337 0.721554 0.721554 0.721554
7889.206543 0.000000 1167.018921 0.000000 0.405792 0.000000 -0.913965 0.674503 0.674503 0.674503
7925.144531 0.000000 1139.008423 0.000000 0.521331 0.000000 -0.853355 0.660878 0.660878 0.660878
7913.729980 0.000000 1135.659546 0.000000 0.282729 0.000000 -0.959200 0.972848 0.972848 0.972848
7892.417969 0.000000 1159.782837 0.000000 0.576122 0.000000 -0.817364 0.929364 0.929364 0.929364
7913.061035 0.000000 1134.203369 0.000000 0.259753 0.000000 -0.965675 0.976718 0.976718 0.976718
7886.221680 0.000000 1169.546509 0.000000 0.709388 0.000000 -0.704819 0.934386 0.934386 0.934386
7895.729492 0.000000 1159.858032 0.000000 0.799680 0.000000 -0.600426 1.041000 1.041000 1.041000
7771.673340 0.000000 1295.429565 0.000000 0.448732 0.000000 -0.893666 0.717335 0.717335 0.717335
7787.954590 0.000000 1266.362305 0.000000 0.411196 0.000000 -0.911547 0.688569 0.688569 0.688569
7782.782227 0.000000 1270.665894 0.000000 0.095567 0.000000 -0.995423 0.729243 0.729243 0.729243
7782.730957 0.000000 1268.249268 0.000000 0.049725 0.000000 -0.998763 0.942696 0.942696 0.942696
7775.623535 0.000000 1290.994995 0.000000 0.480853 0.000000 -0.876801 1.035090 1.035090 1.035090
7785.785645 0.000000 1266.912231 0.000000 0.781567 0.000000 -0.623821 1.068035 1.068035 1.068035
7750.438477 0.000000 1289.629395 0.000000 0.572581 0.000000 -0.819848 1.061188 1.061188 1.061188
7752.052246 0.000000 1288.407471 0.000000 0.473146 0.000000 -0.880984 1.068624 1.068624 1.068624
7755.480957 0.000000 1288.767090 0.000000 0.090229 0.000000 -0.995921 1.140818 1.140818 1.140818
7749.162109 0.000000 1293.127319 0.000000 0.277558 0.000000 -0.960709 1.082095 1.082095 1.082095
7744.750977 0.000000 1290.403198 0.000000 0.723449 0.000000 -0.690378 1.048511 1.048511 1.048511
7778.735840 0.000000 1270.193237 0.000000 0.434552 0.000000 -0.900647 1.073061 1.073061 1.073061
7753.565918 0.000000 1288.153442 0.000000 0.081304 0.000000 -0.996689 1.094818 1.094818 1.094818
7759.853516 0.000000 1313.877930 0.000000 0.220449 0.000000 -0.975398 0.954374 0.954374 0.954374
7761.086914 0.000000 1308.308716 0.000000 0.665526 0.000000 -0.746375 1.070861 1.070861 1.070861
7758.926270 0.000000 1322.956543 0.000000 0.813702 0.000000 -0.581283 0.941456 0.941456 0.941456
7762.019531 0.000000 1304.911499 0.000000 0.525293 0.000000 -0.850921 1.102903 1.102903 1.102903
7758.756348 0.000000 1316.960938 0.000000 0.577619 0.000000 -0.816306 1.060796 1.060796 1.060796
7759.791992 0.000000 1319.120117 0.000000 0.360071 0.000000 -0.932925 1.076550 1.076550 1.076550
7761.790039 0.000000 1307.819580 0.000000 0.711709 0.000000 -0.702474 1.049584 1.049584 1.049584
7765.219727 0.000000 1305.106201 0.000000 0.545130 0.000000 -0.838351 1.063296 1.063296 1.063296
7760.200195 0.000000 1314.662720 0.000000 0.376464 0.000000 -0.926431 1.075428 1.075428 1.075428
7764.540039 0.000000 1305.550171 0.000000 0.441087 0.000000 -0.897465 1.070919 1.070919 1.070919
7761.392578 0.000000 1314.415283 0.000000 0.423133 0.000000 -0.906068 1.072186 1.072186 1.072186
8126.096680 0.000000 1344.958130 0.000000 0.193400 0.000000 -0.981120 1.147390 1.147390 1.147390
8163.250488 0.000000 1336.567017 0.000000 0.488539 0.000000 -0.872542 1.033714 1.033714 1.033714
8170.282715 0.000000 1312.646362 0.000000 0.596224 0.000000 -0.802818 0.953754 0.953754 0.953754
8156.763184 0.000000 1325.884644 0.000000 0.828893 0.000000 -0.559407 1.068919 1.068919 1.068919
8156.412109 0.000000 1325.013184 0.000000 0.646704 0.000000 -0.762741 1.100712 1.100712 1.100712
8172.719238 0.000000 1315.540771 0.000000 0.544858 0.000000 -0.838529 1.063317 1.063317 1.063317
8172.847656 0.000000 1311.801392 0.000000 0.182454 0.000000 -0.983214 1.136115 1.136115 1.136115
7899.443848 0.000000 1500.858765 0.000000 0.572377 0.000000 -0.819991 0.685413 0.685413 0.685413
7894.911621 0.000000 1509.583374 0.000000 0.841070 0.000000 -0.540926 0.608086 0.608086 0.608086
7890.728027 0.000000 1502.751831 0.000000 0.308380 0.000000 -0.951263 0.713290 0.713290 0.713290
7899.529297 0.000000 1499.279663 0.000000 0.689841 0.000000 -0.723961 0.620958 0.620958 0.620958
7895.987793 0.000000 1497.232178 0.000000 0.817582 0.000000 -0.575812 0.790597 0.790597 0.790597
7895.335449 0.000000 1504.088135 0.000000 0.840133 0.000000 -0.542381 0.843063 0.843063 0.843063
7891.763672 0.000000 1499.397095 0.000000 0.839399 0.000000 -0.543515 1.060682 1.060682 1.060682
7897.402832 0.000000 1498.480957 0.000000 0.714661 0.000000 -0.699471 1.056278 1.056278 1.056278
7890.036621 0.000000 1498.861572 0.000000 0.831823 0.000000 -0.555040 1.062139 1.062139 1.062139
7896.548340 0.000000 1499.954102 0.000000 0.445752 0.000000 -0.895157 1.080553 1.080553 1.080553
8105.171875 0.000000 1379.101562 0.000000 0.836382 0.000000 -0.548147 0.750193 0.750193 0.750193
8121.571289 0.000000 1451.965210 0.000000 0.766712 0.000000 -0.641991 0.863165 0.863165 0.863165
8120.073242 0.000000 1451.548096 0.000000 0.542641 0.000000 -0.839965 0.911887 0.911887 0.911887
8092.115234 0.000000 1465.937378 0.000000 0.783409 0.000000 -0.621507 0.892654 0.892654 0.892654
8061.382324 0.000000 1498.896118 0.000000 0.734979 0.000000 -0.678090 0.641478 0.641478 0.641478
8062.619629 0.000000 1496.995728 0.000000 0.792998 0.000000 -0.609224 1.041704 1.041704 1.041704
8054.160156 0.000000 1519.190308 0.000000 0.245605 0.000000 -0.969370 1.084203 1.084203 1.084203
8061.492676 0.000000 1496.075928 0.000000 0.354319 0.000000 -0.935125 1.118582 1.118582 1.118582
8034.253418 0.000000 1542.663452 0.000000 0.382084 0.000000 -0.924127 1.075041 1.075041 1.075041
8091.970215 0.000000 1469.575928 0.000000 0.468355 0.000000 -0.883540 0.741526 0.741526 0.741526
8072.409180 0.000000 1483.413208 0.000000 0.771393 0.000000 -0.636359 0.606680 0.606680 0.606680
8071.536621 0.000000 1482.834961 0.000000 0.622091 0.000000 -0.782945 0.841901 0.841901 0.841901
8070.836914 0.000000 1484.150513 0.000000 0.057289 0.000000 -0.998358 1.096351 1.096351 1.096351
8101.216797 0.000000 1478.743164 0.000000 0.667834 0.000000 -0.744311 1.053444 1.053444 1.053444
8071.664551 0.000000 1485.537109 0.000000 0.559569 0.000000 -0.828784 1.062193 1.062193 1.062193
8070.743652 0.000000 1485.977051 0.000000 0.248772 0.000000 -0.968562 1.083995 1.083995 1.083995
7808.860352 0.000000 1637.404053 0.000000 0.287258 0.000000 -0.957853 0.962513 0.962513 0.962513
7934.147949 0.000000 1683.001587 0.000000 0.649192 0.000000 -0.760625 0.744375 0.744375 0.744375
7934.202637 0.000000 1681.060181 0.000000 0.137884 0.000000 -0.990448 1.091194 1.091194 1.091194
7790.371582 0.000000 1775.640381 0.000000 0.454490 0.000000 -0.890752 0.933234 0.933234 0.933234
7790.760254 0.000000 1777.670532 0.000000 0.157674 0.000000 -0.987491 1.151260 1.151260 1.151260
7877.217285 0.000000 1742.680298 0.000000 0.841727 0.000000 -0.539903 0.584362 0.584362 0.584362
7913.763184 0.000000 1716.551758 0.000000 0.389680 0.000000 -0.920950 0.803373 0.803373 0.803373
7909.866699 0.000000 1722.883667 0.000000 0.140507 0.000000 -0.990080 1.091025 1.091025 1.091025
7907.800781 0.000000 1724.680298 0.000000 0.175069 0.000000 -0.984556 1.088797 1.088797 1.088797
7880.997559 0.000000 1717.334473 0.000000 0.685678 0.000000 -0.727905 1.062435 1.062435 1.062435
7906.308105 0.000000 1724.354370 0.000000 0.849040 0.000000 -0.528329 1.035436 1.035436 1.035436
7903.930176 0.000000 1725.568115 0.000000 0.237358 0.000000 -0.971422 1.092720 1.092720 1.092720
7906.854492 0.000000 1725.830566 0.000000 0.232257 0.000000 -0.972655 1.085078 1.085078 1.085078
7902.248535 0.000000 1725.658691 0.000000 0.387292 0.000000 -0.921957 1.081711 1.081711 1.081711
7906.735840 0.000000 1722.068237 0.000000 0.843518 0.000000 -0.537101 1.036096 1.036096 1.036096
7923.111816 0.000000 1696.274414 0.000000 0.132238 0.000000 -0.991218 1.091557 1.091557 1.091557
7860.220215 0.000000 1776.208618 0.000000 0.517142 0.000000 -0.855899 1.065399 1.065399 1.065399
7863.281250 0.000000 1776.745972 0.000000 0.537290 0.000000 -0.843398 1.063890 1.063890 1.063890
7862.235352 0.000000 1777.212646 0.000000 0.157758 0.000000 -0.987478 1.089915 1.089915 1.089915
7907.832520 0.000000 1772.734985 0.000000 0.679267 0.000000 -0.733891 1.046128 1.046128 1.046128
7894.378418 0.000000 1772.803589 0.000000 0.707016 0.000000 -0.707198 1.050008 1.050008 1.050008
7908.287109 0.000000 1770.450439 0.000000 0.428833 0.000000 -0.903384 1.076852 1.076852 1.076852
7884.835938 0.000000 1766.542725 0.000000 0.580072 0.000000 -0.814565 1.061108 1.061108 1.061108
7891.035156 0.000000 1771.434814 0.000000 0.343567 0.000000 -0.939128 1.101432 1.101432 1.101432
7897.430664 0.000000 1773.494995 0.000000 0.517418 0.000000 -0.855733 1.137680 1.137680 1.137680
7887.194336 0.000000 1766.256470 0.000000 0.232832 0.000000 -0.972517 1.151071 1.151071 1.151071
7893.999512 0.000000 1770.613525 0.000000 0.525834 0.000000 -0.850587 1.064751 1.064751 1.064751
7892.670410 0.000000 1770.327271 0.000000 0.209870 0.000000 -0.977729 1.086539 1.086539 1.086539
7937.182129 0.000000 1619.596558 0.000000 0.031745 0.000000 -0.999496 1.097979 1.097979 1.097979
8027.120117 0.000000 1583.511108 0.000000 0.641181 0.000000 -0.767389 0.666084 0.666084 0.666084
8028.175293 0.000000 1583.468262 0.000000 0.860710 0.000000 -0.509096 1.065856 1.065856 1.065856
8027.061523 0.000000 1585.947388 0.000000 0.567720 0.000000 -0.823221 1.061565 1.061565 1.061565
8026.384766 0.000000 1585.415283 0.000000 0.105884 0.000000 -0.994379 1.093247 1.093247 1.093247
7995.344238 0.000000 1674.683960 0.000000 0.598065 0.000000 -0.801447 0.886334 0.886334 0.886334
7990.847168 0.000000 1680.908813 0.000000 0.648494 0.000000 -0.761220 0.643114 0.643114 0.643114
7992.525879 0.000000 1679.470337 0.000000 0.354709 0.000000 -0.934977 1.065629 1.065629 1.065629
7953.859375 0.000000 1653.929321 0.000000 0.184175 0.000000 -0.982893 1.187831 1.187831 1.187831
7957.444336 0.000000 1648.719971 0.000000 0.604887 0.000000 -0.796311 1.058644 1.058644 1.058644
7991.422852 0.000000 1675.052612 0.000000 0.599425 0.000000 -0.800431 1.059079 1.059079 1.059079
7952.200195 0.000000 1653.568970 0.000000 0.139967 0.000000 -0.990156 1.193904 1.193904 1.193904
7936.240723 0.000000 1682.627930 0.000000 0.641182 0.000000 -0.767389 1.055689 1.055689 1.055689
7985.131836 0.000000 1679.938843 0.000000 0.442959 0.000000 -0.896542 1.079113 1.079113 1.079113
7990.459961 0.000000 1675.029297 0.000000 0.316161 0.000000 -0.948706 1.079521 1.079521 1.079521
7937.940430 0.000000 1682.486206 0.000000 0.856389 0.000000 -0.516332 1.034541 1.034541 1.034541
8001.639160 0.000000 1673.253296 0.000000 0.223052 0.000000 -0.974807 0.733351 0.733351 0.733351
8009.923828 0.000000 1655.641357 0.000000 0.001332 0.000000 -0.999999 0.747437 0.747437 0.747437
8005.862793 0.000000 1673.911743 0.000000 0.117790 0.000000 -0.993039 1.023641 1.023641 1.023641
8011.444824 0.000000 1652.196167 0.000000 0.036266 0.000000 -0.999342 1.095072 1.095072 1.095072
8012.740234 0.000000 1650.601807 0.000000 0.332869 0.000000 -0.942973 1.090800 1.090800 1.090800
8011.947266 0.000000 1653.954956 0.000000 0.673919 0.000000 -0.738805 0.984111 0.984111 0.984111
8006.836914 0.000000 1653.603638 0.000000 0.845341 0.000000 -0.534227 1.035879 1.035879 1.035879
8002.816895 0.000000 1675.415527 0.000000 0.631170 0.000000 -0.775644 1.056515 1.056515 1.056515
8007.630371 0.000000 1653.103149 0.000000 0.343243 0.000000 -0.939246 1.077695 1.077695 1.077695
7963.528320 0.000000 1729.070435 0.000000 0.216932 0.000000 -0.976187 0.762794 0.762794 0.762794
7966.609375 0.000000 1720.193848 0.000000 0.702190 0.000000 -0.711990 0.646279 0.646279 0.646279
7965.463379 0.000000 1720.607300 0.000000 0.482190 0.000000 -0.876066 0.869182 0.869182 0.869182
7964.664062 0.000000 1747.073975 0.000000 0.801453 0.000000 -0.598058 1.082104 1.082104 1.082104
7965.353516 0.000000 1749.465576 0.000000 0.684971 0.000000 -0.728570 1.031601 1.031601 1.031601
7990.862305 0.000000 1710.850586 0.000000 0.638241 0.000000 -0.769837 1.076191 1.076191 1.076191
7986.836914 0.000000 1713.349121 0.000000 0.012239 0.000000 -0.999925 1.128572 1.128572 1.128572
7965.715332 0.000000 1746.411865 0.000000 0.145174 0.000000 -0.989406 1.182518 1.182518 1.182518
7967.651855 0.000000 1730.040527 0.000000 0.791821 0.000000 -0.610753 1.041827 1.041827 1.041827
7991.902344 0.000000 1699.847534 0.000000 0.244601 0.000000 -0.969624 1.084269 1.084269 1.084269
7944.895020 0.000000 1738.414185 0.000000 0.746451 0.000000 -0.665440 1.046351 1.046351 1.046351
7948.685059 0.000000 1736.007324 0.000000 0.180757 0.000000 -0.983528 1.088429 1.088429 1.088429
7947.453125 0.000000 1736.953979 0.000000 0.263565 0.000000 -0.964642 1.083020 1.083020 1.083020
4280.311035 0.000000 2304.027100 0.000000 0.357646 0.000000 -0.933857 0.855877 0.855877 0.855877
4281.960449 0.000000 2305.602783 0.000000 0.440644 0.000000 -0.897682 0.841288 0.841288 0.841288
4294.057129 0.000000 2304.312744 0.000000 0.526937 0.000000 -0.849905 0.710362 0.710362 0.710362
4344.471680 0.000000 2356.315430 0.000000 0.266003 0.000000 -0.963972 0.739317 0.739317 0.739317
4341.881348 0.000000 2358.019043 0.000000 0.198771 0.000000 -0.980046 0.802614 0.802614 0.802614
4340.887695 0.000000 2339.446533 0.000000 0.722894 0.000000 -0.690959 0.748974 0.748974 0.748974
4336.827148 0.000000 2359.697266 0.000000 0.061328 0.000000 -0.998118 0.824312 0.824312 0.824312
4340.629395 0.000000 2358.059570 0.000000 0.463383 0.000000 -0.886158 0.758554 0.758554 0.758554
4229.119141 0.000000 2388.778076 0.000000 0.189970 0.000000 -0.981790 0.797079 0.797079 0.797079
4263.871094 0.000000 2392.779297 0.000000 0.365567 0.000000 -0.930785 0.685061 0.685061 0.685061
4272.334961 0.000000 2388.447021 0.000000 0.353336 0.000000 -0.935497 0.694239 0.694239 0.694239
4249.353516 0.000000 2391.301270 0.000000 0.305645 0.000000 -0.952145 1.029379 1.029379 1.029379
4242.223633 0.000000 2395.496826 0.000000 0.600578 0.000000 -0.799566 0.900418 0.900418 0.900418
4237.274414 0.000000 2389.684082 0.000000 0.311092 0.000000 -0.950380 1.090066 1.090066 1.090066
4303.824707 0.000000 2395.790527 0.000000 0.852614 0.000000 -0.522541 0.594097 0.594097 0.594097
4336.351074 0.000000 2381.252686 0.000000 0.119710 0.000000 -0.992809 0.728729 0.728729 0.728729
4317.854004 0.000000 2401.536133 0.000000 0.343416 0.000000 -0.939183 0.858325 0.858325 0.858325
4338.833984 0.000000 2380.924072 0.000000 0.024756 0.000000 -0.999694 0.755908 0.755908 0.755908
4341.988770 0.000000 2383.583008 0.000000 0.344565 0.000000 -0.938762 0.908714 0.908714 0.908714
4328.529297 0.000000 2390.214355 0.000000 0.535278 0.000000 -0.844676 1.051833 1.051833 1.051833
4342.707520 0.000000 2387.627441 0.000000 0.323693 0.000000 -0.946162 0.980107 0.980107 0.980107
4346.491699 0.000000 2395.075684 0.000000 0.535439 0.000000 -0.844574 0.988811 0.988811 0.988811
4297.084473 0.000000 2390.373779 0.000000 0.475690 0.000000 -0.879613 1.119971 1.119971 1.119971
4325.860840 0.000000 2398.239502 0.000000 0.369948 0.000000 -0.929053 1.076121 1.076121 1.076121
4300.835938 0.000000 2387.870850 0.000000 0.719963 0.000000 -0.694013 1.062620 1.062620 1.062620
4301.807617 0.000000 2390.404297 0.000000 0.789037 0.000000 -0.614346 1.080764 1.080764 1.080764
7892.371094 0.000000 1956.709229 0.000000 0.827640 0.000000 -0.561260 0.752728 0.752728 0.752728
7887.551758 0.000000 1956.457153 0.000000 0.511793 0.000000 -0.859109 1.110693 1.110693 1.110693
7886.996094 0.000000 1957.644043 0.000000 0.277171 0.000000 -0.960821 1.138156 1.138156 1.138156
"}
