object={
	name="palm_dense_generator_2_0"
	clamp_to_water_level=no
	render_under_water=no
	generated_content=yes
	layer="semidynamic_medium"
	pdxmesh="tree_palm_01_mesh"
	count=358
	transform="939.584473 0.000000 716.887451 0.000000 0.533386 0.000000 0.845872 0.657291 0.657291 0.657291
940.563904 0.000000 717.532349 0.000000 0.631284 0.000000 0.775551 0.943494 0.943494 0.943494
978.462097 0.000000 694.393188 0.000000 0.687027 0.000000 0.726632 0.892169 0.892169 0.892169
998.706543 0.000000 723.148743 0.000000 0.743154 0.000000 0.669120 0.921492 0.921492 0.921492
902.282043 0.000000 780.351318 0.000000 0.565516 0.000000 0.824737 0.938265 0.938265 0.938265
903.104431 0.000000 778.593811 0.000000 0.318831 0.000000 0.947812 0.920658 0.920658 0.920658
946.836792 0.000000 753.114746 0.000000 0.586271 0.000000 0.810115 0.939881 0.939881 0.939881
1013.270874 0.000000 737.596985 0.000000 0.066724 0.000000 0.997772 0.904251 0.904251 0.904251
1011.716553 0.000000 736.549011 0.000000 0.330520 0.000000 0.943799 0.751969 0.751969 0.751969
1013.817688 0.000000 735.347290 0.000000 0.230899 0.000000 0.972978 0.914833 0.914833 0.914833
896.090149 0.000000 794.076843 0.000000 0.285519 0.000000 0.958373 0.274012 0.274012 0.274012
951.893372 0.000000 834.286011 0.000000 0.752977 0.000000 0.658047 0.579629 0.579629 0.579629
899.050598 0.000000 794.175537 0.000000 0.531732 0.000000 0.846913 0.677787 0.677787 0.677787
978.128235 0.000000 811.542847 0.000000 0.442501 0.000000 0.896768 0.314623 0.314623 0.314623
991.967712 0.000000 808.980957 0.000000 0.380680 0.000000 0.924707 0.457732 0.457732 0.457732
978.397888 0.000000 812.916443 0.000000 0.783543 0.000000 0.621338 0.656036 0.656036 0.656036
1122.731812 0.000000 673.078552 0.000000 0.181514 0.000000 0.983388 0.911620 0.911620 0.911620
1177.935303 0.000000 661.730774 0.000000 0.100119 0.000000 0.994975 0.271468 0.271468 0.271468
1026.058350 0.000000 696.251892 0.000000 0.475557 0.000000 0.879685 0.860686 0.860686 0.860686
1027.455811 0.000000 696.493591 0.000000 0.738113 0.000000 0.674677 0.904049 0.904049 0.904049
2714.709961 0.000000 1223.211792 0.000000 0.827934 0.000000 0.560826 0.371798 0.371798 0.371798
2718.060547 0.000000 1234.326782 0.000000 0.086564 0.000000 0.996246 0.188209 0.188209 0.188209
2698.072266 0.000000 1242.343872 0.000000 0.492521 0.000000 0.870300 0.289261 0.289261 0.289261
2688.936035 0.000000 1265.265747 0.000000 0.305359 0.000000 0.952237 0.242745 0.242745 0.242745
8058.305176 0.000000 665.309570 0.000000 0.293214 0.000000 0.956047 0.259219 0.259219 0.259219
8063.510742 0.000000 646.064819 0.000000 0.610561 0.000000 0.791970 0.338098 0.338098 0.338098
8052.706543 0.000000 677.643494 0.000000 0.695578 0.000000 0.718450 0.363421 0.363421 0.363421
8053.789062 0.000000 664.771912 0.000000 0.668600 0.000000 0.743622 0.350854 0.350854 0.350854
8050.103516 0.000000 669.661011 0.000000 0.416118 0.000000 0.909310 0.331130 0.331130 0.331130
8055.867676 0.000000 668.559753 0.000000 0.383166 0.000000 0.923680 0.301118 0.301118 0.301118
8059.003418 0.000000 667.337830 0.000000 0.197718 0.000000 0.980259 0.252909 0.252909 0.252909
8050.394043 0.000000 673.449890 0.000000 0.175750 0.000000 0.984435 0.370192 0.370192 0.370192
8053.449707 0.000000 671.219666 0.000000 0.417352 0.000000 0.908745 0.409896 0.409896 0.409896
8060.180664 0.000000 655.430664 0.000000 0.372771 0.000000 0.927924 0.295660 0.295660 0.295660
8052.695312 0.000000 668.300293 0.000000 0.229497 0.000000 0.973309 0.319993 0.319993 0.319993
8058.116699 0.000000 670.644287 0.000000 0.812765 0.000000 0.582592 0.629350 0.629350 0.629350
8055.950684 0.000000 659.512146 0.000000 0.651737 0.000000 0.758445 0.775295 0.775295 0.775295
8045.871094 0.000000 671.211365 0.000000 0.000081 0.000000 1.000000 0.773847 0.773847 0.773847
8068.755371 0.000000 649.200806 0.000000 0.764757 0.000000 0.644318 0.356059 0.356059 0.356059
8096.618164 0.000000 624.693726 0.000000 0.783686 0.000000 0.621157 0.362209 0.362209 0.362209
8082.498535 0.000000 625.146118 0.000000 0.836140 0.000000 0.548516 0.387594 0.387594 0.387594
8083.894531 0.000000 629.099915 0.000000 0.541293 0.000000 0.840834 0.321582 0.321582 0.321582
8091.190918 0.000000 649.637512 0.000000 0.612118 0.000000 0.790766 0.333665 0.333665 0.333665
8073.322266 0.000000 640.295776 0.000000 0.308255 0.000000 0.951304 0.281979 0.281979 0.281979
8068.189941 0.000000 666.491394 0.000000 0.085584 0.000000 0.996331 0.249178 0.249178 0.249178
8094.652344 0.000000 633.413513 0.000000 0.753538 0.000000 0.657404 0.608942 0.608942 0.608942
8077.306641 0.000000 645.879578 0.000000 0.665367 0.000000 0.746516 0.363338 0.363338 0.363338
8066.657715 0.000000 666.090454 0.000000 0.834755 0.000000 0.550622 0.640563 0.640563 0.640563
8075.761719 0.000000 645.737793 0.000000 0.025607 0.000000 0.999672 0.894687 0.894687 0.894687
8071.500488 0.000000 640.624512 0.000000 0.859553 0.000000 0.511046 0.462581 0.462581 0.462581
8073.525391 0.000000 643.375854 0.000000 0.836784 0.000000 0.547533 0.558879 0.558879 0.558879
8093.463379 0.000000 647.404114 0.000000 0.641917 0.000000 0.766774 0.878928 0.878928 0.878928
8074.056641 0.000000 644.975342 0.000000 0.770084 0.000000 0.637942 0.952848 0.952848 0.952848
7869.125000 0.000000 1012.713623 0.000000 0.274838 0.000000 0.961491 0.260434 0.260434 0.260434
7870.675293 0.000000 1011.985474 0.000000 0.503272 0.000000 0.864128 0.402928 0.402928 0.402928
7872.156738 0.000000 1015.134583 0.000000 0.299176 0.000000 0.954198 0.242370 0.242370 0.242370
7882.235840 0.000000 1003.918579 0.000000 0.577102 0.000000 0.816672 0.336457 0.336457 0.336457
7881.808105 0.000000 1001.401550 0.000000 0.702955 0.000000 0.711234 0.369327 0.369327 0.369327
7890.979980 0.000000 1000.248169 0.000000 0.174217 0.000000 0.984707 0.245465 0.245465 0.245465
7880.076660 0.000000 1004.287781 0.000000 0.684660 0.000000 0.728862 0.360850 0.360850 0.360850
7896.332520 0.000000 995.438782 0.000000 0.766237 0.000000 0.642558 0.469899 0.469899 0.469899
7876.679688 0.000000 1012.849304 0.000000 0.856965 0.000000 0.515375 0.405716 0.405716 0.405716
7901.614258 0.000000 991.962280 0.000000 0.298581 0.000000 0.954384 0.416518 0.416518 0.416518
7879.260254 0.000000 1006.838806 0.000000 0.003903 0.000000 0.999992 0.268224 0.268224 0.268224
7888.024902 0.000000 1001.652954 0.000000 0.418164 0.000000 0.908371 0.631100 0.631100 0.631100
7905.478516 0.000000 990.255859 0.000000 0.038652 0.000000 0.999253 0.361474 0.361474 0.361474
7875.162109 0.000000 1012.286072 0.000000 0.775057 0.000000 0.631892 0.924694 0.924694 0.924694
7894.696289 0.000000 996.549072 0.000000 0.173274 0.000000 0.984874 0.750905 0.750905 0.750905
7923.649902 0.000000 1012.856018 0.000000 0.296465 0.000000 0.955044 0.919162 0.919162 0.919162
7893.353516 0.000000 996.124146 0.000000 0.711083 0.000000 0.703108 0.536159 0.536159 0.536159
7872.328125 0.000000 1008.702759 0.000000 0.261887 0.000000 0.965099 0.854276 0.854276 0.854276
7886.365723 0.000000 1003.231689 0.000000 0.736648 0.000000 0.676277 0.874050 0.874050 0.874050
7875.574219 0.000000 1013.657959 0.000000 0.502039 0.000000 0.864845 0.884965 0.884965 0.884965
7885.130371 0.000000 1002.410522 0.000000 0.488671 0.000000 0.872468 0.828584 0.828584 0.828584
7876.561035 0.000000 1006.515930 0.000000 0.420641 0.000000 0.907227 0.847616 0.847616 0.847616
7894.176758 0.000000 997.657349 0.000000 0.504404 0.000000 0.863468 0.802939 0.802939 0.802939
7873.670898 0.000000 1010.155090 0.000000 0.847346 0.000000 0.531041 0.847411 0.847411 0.847411
7925.595703 0.000000 1013.296509 0.000000 0.289648 0.000000 0.957133 0.918708 0.918708 0.918708
7846.385742 0.000000 1033.563721 0.000000 0.511486 0.000000 0.859292 0.321514 0.321514 0.321514
7849.650879 0.000000 1026.005493 0.000000 0.798477 0.000000 0.602026 0.383148 0.383148 0.383148
7856.748535 0.000000 1018.131042 0.000000 0.559351 0.000000 0.828931 0.355453 0.355453 0.355453
7844.560547 0.000000 1030.774536 0.000000 0.285305 0.000000 0.958437 0.289329 0.289329 0.289329
7839.972656 0.000000 1041.099731 0.000000 0.031383 0.000000 0.999507 0.485203 0.485203 0.485203
7850.439941 0.000000 1028.942627 0.000000 0.291973 0.000000 0.956427 0.358812 0.358812 0.358812
7863.848633 0.000000 1016.781860 0.000000 0.058917 0.000000 0.998263 0.263912 0.263912 0.263912
7845.508789 0.000000 1032.107056 0.000000 0.809335 0.000000 0.587348 0.623497 0.623497 0.623497
7845.802246 0.000000 1034.995605 0.000000 0.814750 0.000000 0.579812 0.960625 0.960625 0.960625
7851.440918 0.000000 1024.407104 0.000000 0.638526 0.000000 0.769601 0.501504 0.501504 0.501504
7841.762207 0.000000 1038.616577 0.000000 0.741593 0.000000 0.670850 0.953186 0.953186 0.953186
7857.824707 0.000000 1027.204224 0.000000 0.080705 0.000000 0.996738 0.585502 0.585502 0.585502
7842.581543 0.000000 1035.898438 0.000000 0.640254 0.000000 0.768163 0.944234 0.944234 0.944234
7855.546387 0.000000 1023.066162 0.000000 0.094224 0.000000 0.995551 0.906007 0.906007 0.906007
7866.353516 0.000000 1017.849182 0.000000 0.818702 0.000000 0.574219 0.730898 0.730898 0.730898
7861.270996 0.000000 1020.018860 0.000000 0.863800 0.000000 0.503834 0.709009 0.709009 0.709009
7858.833984 0.000000 1025.299072 0.000000 0.829271 0.000000 0.558846 0.962249 0.962249 0.962249
7840.724121 0.000000 1039.135132 0.000000 0.276945 0.000000 0.960886 0.917864 0.917864 0.917864
7841.173340 0.000000 1041.115967 0.000000 0.655192 0.000000 0.755462 0.792122 0.792122 0.792122
7852.463379 0.000000 1031.342407 0.000000 0.344120 0.000000 0.938926 0.922365 0.922365 0.922365
7855.897461 0.000000 1028.404297 0.000000 0.826448 0.000000 0.563013 0.925200 0.925200 0.925200
7856.511719 0.000000 1029.233765 0.000000 0.655931 0.000000 0.754821 0.945545 0.945545 0.945545
7854.978027 0.000000 1022.311584 0.000000 0.457866 0.000000 0.889021 0.930277 0.930277 0.930277
7906.375977 0.000000 1033.161499 0.000000 0.168253 0.000000 0.985744 0.275856 0.275856 0.275856
7928.630371 0.000000 1126.658081 0.000000 0.745515 0.000000 0.666489 0.377888 0.377888 0.377888
7915.722656 0.000000 1128.526367 0.000000 0.697234 0.000000 0.716843 0.370399 0.370399 0.370399
7949.322266 0.000000 1077.799927 0.000000 0.218612 0.000000 0.975812 0.914031 0.914031 0.914031
7948.654785 0.000000 1076.907593 0.000000 0.154351 0.000000 0.988016 0.909866 0.909866 0.909866
8161.680176 0.000000 1072.546509 0.000000 0.119449 0.000000 0.992840 0.278837 0.278837 0.278837
8147.771973 0.000000 1095.828613 0.000000 0.306122 0.000000 0.951992 0.236304 0.236304 0.236304
8164.144531 0.000000 1122.164551 0.000000 0.148936 0.000000 0.988847 0.254631 0.254631 0.254631
8149.008301 0.000000 1102.308228 0.000000 0.631609 0.000000 0.775287 0.449481 0.449481 0.449481
8155.504395 0.000000 1087.181519 0.000000 0.381850 0.000000 0.924224 0.408251 0.408251 0.408251
8141.306641 0.000000 1097.754639 0.000000 0.638132 0.000000 0.769927 0.548797 0.548797 0.548797
8165.366211 0.000000 1124.902832 0.000000 0.060765 0.000000 0.998152 0.395823 0.395823 0.395823
8157.067383 0.000000 1096.716064 0.000000 0.855162 0.000000 0.518362 0.965308 0.965308 0.965308
8139.761719 0.000000 1097.612793 0.000000 0.665663 0.000000 0.746253 0.946370 0.946370 0.946370
8151.955566 0.000000 1106.993652 0.000000 0.617897 0.000000 0.786259 0.633117 0.633117 0.633117
8155.322754 0.000000 1097.673096 0.000000 0.851647 0.000000 0.524115 0.941741 0.941741 0.941741
8142.835449 0.000000 1102.843750 0.000000 0.041686 0.000000 0.999131 0.707883 0.707883 0.707883
8160.754395 0.000000 1123.704102 0.000000 0.464591 0.000000 0.885525 0.930760 0.930760 0.930760
8163.429199 0.000000 1123.374146 0.000000 0.346592 0.000000 0.938016 0.644955 0.644955 0.644955
8165.210449 0.000000 1105.284668 0.000000 0.839711 0.000000 0.543033 0.517160 0.517160 0.517160
8147.301758 0.000000 1092.771973 0.000000 0.713917 0.000000 0.700230 0.494563 0.494563 0.494563
8159.813965 0.000000 1096.241577 0.000000 0.552496 0.000000 0.833515 0.937265 0.937265 0.937265
8150.619629 0.000000 1106.724243 0.000000 0.247579 0.000000 0.968868 0.565869 0.565869 0.565869
8176.177246 0.000000 1111.245117 0.000000 0.742251 0.000000 0.670121 0.875242 0.875242 0.875242
8158.985352 0.000000 1122.247070 0.000000 0.859958 0.000000 0.510364 0.965902 0.965902 0.965902
8154.203125 0.000000 1105.808960 0.000000 0.735466 0.000000 0.677561 0.952607 0.952607 0.952607
8155.792969 0.000000 1102.643921 0.000000 0.641247 0.000000 0.767335 0.944317 0.944317 0.944317
8157.854004 0.000000 1102.395508 0.000000 0.402302 0.000000 0.915507 0.557247 0.557247 0.557247
8167.513672 0.000000 1127.845215 0.000000 0.046232 0.000000 0.998931 0.662496 0.662496 0.662496
8157.463379 0.000000 1099.279175 0.000000 0.345150 0.000000 0.938548 0.922434 0.922434 0.922434
8146.234375 0.000000 1104.666382 0.000000 0.003571 0.000000 0.999994 0.900227 0.900227 0.900227
8140.518066 0.000000 1101.793457 0.000000 0.018697 0.000000 0.999825 0.901190 0.901190 0.901190
8167.708496 0.000000 1079.197876 0.000000 0.722946 0.000000 0.690904 0.951443 0.951443 0.951443
8154.586914 0.000000 1104.728516 0.000000 0.769481 0.000000 0.638670 0.955897 0.955897 0.955897
8152.183105 0.000000 1094.890625 0.000000 0.469977 0.000000 0.882679 0.931148 0.931148 0.931148
8154.731934 0.000000 1096.796021 0.000000 0.076990 0.000000 0.997032 0.842256 0.842256 0.842256
8137.207520 0.000000 1097.945190 0.000000 0.213043 0.000000 0.977043 0.913668 0.913668 0.913668
8156.799316 0.000000 1105.722900 0.000000 0.781457 0.000000 0.623959 0.957105 0.957105 0.957105
8148.220215 0.000000 1093.164062 0.000000 0.774627 0.000000 0.632418 0.956412 0.956412 0.956412
8154.199707 0.000000 1101.350708 0.000000 0.813183 0.000000 0.582009 0.939052 0.939052 0.939052
8167.911621 0.000000 1078.125854 0.000000 0.729833 0.000000 0.683625 0.952080 0.952080 0.952080
8157.834473 0.000000 1105.938965 0.000000 0.167970 0.000000 0.985792 0.910744 0.910744 0.910744
8147.763672 0.000000 1104.006470 0.000000 0.615024 0.000000 0.788508 0.942171 0.942171 0.942171
7920.580566 0.000000 1160.128296 0.000000 0.441569 0.000000 0.897227 0.277757 0.277757 0.277757
7891.640625 0.000000 1154.999268 0.000000 0.831946 0.000000 0.554856 0.396254 0.396254 0.396254
7891.576660 0.000000 1165.139160 0.000000 0.608035 0.000000 0.793910 0.346464 0.346464 0.346464
7919.250488 0.000000 1158.668335 0.000000 0.427883 0.000000 0.903834 0.385459 0.385459 0.385459
7914.257812 0.000000 1131.949951 0.000000 0.008242 0.000000 0.999966 0.275048 0.275048 0.275048
7924.916016 0.000000 1137.050537 0.000000 0.585998 0.000000 0.810313 0.767906 0.767906 0.767906
7889.862305 0.000000 1166.014893 0.000000 0.033222 0.000000 0.999448 0.278723 0.278723 0.278723
7890.728027 0.000000 1163.845581 0.000000 0.057045 0.000000 0.998372 0.338799 0.338799 0.338799
7901.685059 0.000000 1164.442139 0.000000 0.687846 0.000000 0.725857 0.516761 0.516761 0.516761
7900.046387 0.000000 1163.001587 0.000000 0.295638 0.000000 0.955300 0.615288 0.615288 0.615288
7912.053711 0.000000 1182.041748 0.000000 0.835282 0.000000 0.549822 0.962939 0.962939 0.962939
7743.025879 0.000000 1292.021362 0.000000 0.195481 0.000000 0.980708 0.382016 0.382016 0.382016
7742.913574 0.000000 1288.694824 0.000000 0.386755 0.000000 0.922183 0.574469 0.574469 0.574469
7745.884766 0.000000 1293.708740 0.000000 0.602991 0.000000 0.797748 0.303209 0.303209 0.303209
7780.916016 0.000000 1270.718628 0.000000 0.090879 0.000000 0.995862 0.278892 0.278892 0.278892
7773.418457 0.000000 1292.653809 0.000000 0.792990 0.000000 0.609235 0.398682 0.398682 0.398682
7776.293457 0.000000 1291.663696 0.000000 0.523729 0.000000 0.851885 0.851481 0.851481 0.851481
7771.159668 0.000000 1296.784790 0.000000 0.131608 0.000000 0.991302 0.604340 0.604340 0.604340
7744.126465 0.000000 1288.339111 0.000000 0.729535 0.000000 0.683944 0.952053 0.952053 0.952053
7774.176270 0.000000 1293.814209 0.000000 0.228145 0.000000 0.973627 0.914653 0.914653 0.914653
7774.985352 0.000000 1291.700195 0.000000 0.277908 0.000000 0.960608 0.665748 0.665748 0.665748
7749.217285 0.000000 1290.805298 0.000000 0.488690 0.000000 0.872458 0.932505 0.932505 0.932505
7747.005859 0.000000 1293.614258 0.000000 0.823591 0.000000 0.567184 0.961607 0.961607 0.961607
7785.171875 0.000000 1266.132812 0.000000 0.649679 0.000000 0.760208 0.845655 0.845655 0.845655
7758.090820 0.000000 1286.690063 0.000000 0.437080 0.000000 0.899423 0.928797 0.928797 0.928797
7752.383301 0.000000 1287.627441 0.000000 0.535251 0.000000 0.844693 0.911846 0.911846 0.911846
7751.164551 0.000000 1291.432251 0.000000 0.109224 0.000000 0.994017 0.906967 0.906967 0.906967
7753.775879 0.000000 1288.897095 0.000000 0.528920 0.000000 0.848672 0.935481 0.935481 0.935481
7759.000977 0.000000 1286.340210 0.000000 0.180933 0.000000 0.983495 0.911582 0.911582 0.911582
7761.219727 0.000000 1310.599365 0.000000 0.163719 0.000000 0.986507 0.268802 0.268802 0.268802
7759.824707 0.000000 1322.587280 0.000000 0.462763 0.000000 0.886482 0.670420 0.670420 0.670420
7766.020996 0.000000 1300.460693 0.000000 0.522072 0.000000 0.852901 0.834127 0.834127 0.834127
7754.583984 0.000000 1325.364624 0.000000 0.506148 0.000000 0.862446 0.606180 0.606180 0.606180
7767.673828 0.000000 1305.096802 0.000000 0.152332 0.000000 0.988329 0.300291 0.300291 0.300291
7764.029785 0.000000 1303.067383 0.000000 0.180910 0.000000 0.983500 0.475664 0.475664 0.475664
7762.338867 0.000000 1307.173828 0.000000 0.699301 0.000000 0.714827 0.706586 0.706586 0.706586
7761.255371 0.000000 1309.429077 0.000000 0.827797 0.000000 0.561027 0.857870 0.857870 0.857870
7763.206055 0.000000 1307.972412 0.000000 0.584223 0.000000 0.811593 0.682634 0.682634 0.682634
7759.179688 0.000000 1318.485107 0.000000 0.860938 0.000000 0.508710 0.966024 0.966024 0.966024
7765.932129 0.000000 1306.847534 0.000000 0.434128 0.000000 0.900851 0.928589 0.928589 0.928589
7758.527832 0.000000 1315.308472 0.000000 0.682028 0.000000 0.731326 0.947780 0.947780 0.947780
7874.681152 0.000000 1264.874756 0.000000 0.060461 0.000000 0.998171 0.427721 0.427721 0.427721
7896.231445 0.000000 1244.334595 0.000000 0.729663 0.000000 0.683807 0.588527 0.588527 0.588527
8178.425293 0.000000 1131.841919 0.000000 0.791935 0.000000 0.610606 0.439743 0.439743 0.439743
8126.147949 0.000000 1344.095337 0.000000 0.856900 0.000000 0.515483 0.941997 0.941997 0.941997
8171.175293 0.000000 1317.438110 0.000000 0.105607 0.000000 0.994408 0.517180 0.517180 0.517180
8155.322754 0.000000 1323.610596 0.000000 0.556603 0.000000 0.830779 0.395074 0.395074 0.395074
8173.442383 0.000000 1310.903442 0.000000 0.753275 0.000000 0.657706 0.929577 0.929577 0.929577
8157.463379 0.000000 1325.216675 0.000000 0.333155 0.000000 0.942872 0.857077 0.857077 0.857077
8162.942871 0.000000 1337.575439 0.000000 0.197463 0.000000 0.980310 0.652773 0.652773 0.652773
8156.225586 0.000000 1326.770508 0.000000 0.678838 0.000000 0.734288 0.946268 0.946268 0.946268
8129.867188 0.000000 1344.512573 0.000000 0.761775 0.000000 0.647842 0.944578 0.944578 0.944578
7894.981445 0.000000 1496.818359 0.000000 0.781830 0.000000 0.623492 0.582098 0.582098 0.582098
7898.057129 0.000000 1504.056885 0.000000 0.299149 0.000000 0.954206 0.505066 0.505066 0.505066
7894.696289 0.000000 1504.908447 0.000000 0.600358 0.000000 0.799731 0.599537 0.599537 0.599537
7896.179688 0.000000 1509.202026 0.000000 0.334107 0.000000 0.942535 0.831397 0.831397 0.831397
8106.288574 0.000000 1378.772827 0.000000 0.238687 0.000000 0.971097 0.254496 0.254496 0.254496
8100.682129 0.000000 1379.414307 0.000000 0.178738 0.000000 0.983897 0.264014 0.264014 0.264014
8105.763184 0.000000 1377.645508 0.000000 0.281252 0.000000 0.959634 0.918150 0.918150 0.918150
8104.319824 0.000000 1377.172974 0.000000 0.037729 0.000000 0.999288 0.902403 0.902403 0.902403
8093.034668 0.000000 1465.593140 0.000000 0.081681 0.000000 0.996659 0.543775 0.543775 0.543775
8089.549805 0.000000 1466.996338 0.000000 0.091772 0.000000 0.995780 0.905851 0.905851 0.905851
8063.314453 0.000000 1496.506592 0.000000 0.284242 0.000000 0.958752 0.918348 0.918348 0.918348
8062.477051 0.000000 1494.000000 0.000000 0.025127 0.000000 0.999684 0.901600 0.901600 0.901600
8060.871582 0.000000 1497.788574 0.000000 0.230999 0.000000 0.972954 0.868753 0.868753 0.868753
8063.956055 0.000000 1495.512085 0.000000 0.802372 0.000000 0.596824 0.959286 0.959286 0.959286
8055.916992 0.000000 1518.760376 0.000000 0.079234 0.000000 0.996856 0.905049 0.905049 0.905049
8060.816406 0.000000 1496.550659 0.000000 0.364694 0.000000 0.931128 0.882509 0.882509 0.882509
8034.015137 0.000000 1545.573608 0.000000 0.032873 0.000000 0.999460 0.189578 0.189578 0.189578
8035.032227 0.000000 1542.714233 0.000000 0.480090 0.000000 0.877219 0.931879 0.931879 0.931879
8029.854004 0.000000 1554.270508 0.000000 0.061259 0.000000 0.998122 0.903902 0.903902 0.903902
8032.863281 0.000000 1545.902832 0.000000 0.225302 0.000000 0.974289 0.914467 0.914467 0.914467
8032.901855 0.000000 1531.961792 0.000000 0.781942 0.000000 0.623352 0.746746 0.746746 0.746746
8030.965820 0.000000 1554.567383 0.000000 0.034205 0.000000 0.999415 0.902178 0.902178 0.902178
8033.619629 0.000000 1542.140991 0.000000 0.485329 0.000000 0.874332 0.932260 0.932260 0.932260
8109.585449 0.000000 1479.026855 0.000000 0.138439 0.000000 0.990371 0.241003 0.241003 0.241003
8089.304688 0.000000 1469.587402 0.000000 0.845603 0.000000 0.533812 0.415440 0.415440 0.415440
8072.161133 0.000000 1480.715088 0.000000 0.811107 0.000000 0.584898 0.960227 0.960227 0.960227
8073.453613 0.000000 1481.264038 0.000000 0.085710 0.000000 0.996320 0.905463 0.905463 0.905463
8078.695801 0.000000 1475.479736 0.000000 0.489527 0.000000 0.871988 0.932566 0.932566 0.932566
7808.523438 0.000000 1639.702881 0.000000 0.693986 0.000000 0.719989 0.375685 0.375685 0.375685
7934.871094 0.000000 1681.557373 0.000000 0.353700 0.000000 0.935359 0.923015 0.923015 0.923015
7927.218262 0.000000 1690.183350 0.000000 0.187278 0.000000 0.982307 0.907852 0.907852 0.907852
7757.139648 0.000000 1738.075928 0.000000 0.614486 0.000000 0.788928 0.349191 0.349191 0.349191
7790.203125 0.000000 1774.536987 0.000000 0.821290 0.000000 0.570511 0.656384 0.656384 0.656384
7788.409668 0.000000 1777.044067 0.000000 0.785364 0.000000 0.619034 0.938507 0.938507 0.938507
7790.744141 0.000000 1776.669067 0.000000 0.565300 0.000000 0.824885 0.796903 0.796903 0.796903
7868.473145 0.000000 1721.515259 0.000000 0.181452 0.000000 0.983400 0.524621 0.524621 0.524621
7869.613770 0.000000 1721.102417 0.000000 0.542213 0.000000 0.840241 0.588031 0.588031 0.588031
7906.111328 0.000000 1726.146484 0.000000 0.564031 0.000000 0.825754 0.310448 0.310448 0.310448
7912.179688 0.000000 1722.715942 0.000000 0.021009 0.000000 0.999779 0.316671 0.316671 0.316671
7910.782227 0.000000 1722.540894 0.000000 0.561621 0.000000 0.827395 0.937964 0.937964 0.937964
7910.014160 0.000000 1725.359863 0.000000 0.390359 0.000000 0.920663 0.570085 0.570085 0.570085
7908.309082 0.000000 1723.917236 0.000000 0.107718 0.000000 0.994181 0.906871 0.906871 0.906871
7906.937988 0.000000 1725.036255 0.000000 0.185465 0.000000 0.982651 0.911876 0.911876 0.911876
7921.067871 0.000000 1699.060181 0.000000 0.804752 0.000000 0.593611 0.727089 0.727089 0.727089
7923.583984 0.000000 1699.107178 0.000000 0.863599 0.000000 0.504179 0.966359 0.966359 0.966359
7906.136719 0.000000 1722.655029 0.000000 0.113946 0.000000 0.993487 0.907270 0.907270 0.907270
7922.000000 0.000000 1697.839111 0.000000 0.370454 0.000000 0.928851 0.924160 0.924160 0.924160
7909.454590 0.000000 1723.715088 0.000000 0.173553 0.000000 0.984825 0.911105 0.911105 0.911105
7923.716797 0.000000 1696.783325 0.000000 0.643826 0.000000 0.765172 0.944531 0.944531 0.944531
7923.003906 0.000000 1698.174927 0.000000 0.048096 0.000000 0.998843 0.903063 0.903063 0.903063
7903.795898 0.000000 1722.445557 0.000000 0.315426 0.000000 0.948950 0.920429 0.920429 0.920429
7907.876465 0.000000 1723.037354 0.000000 0.136610 0.000000 0.990625 0.908724 0.908724 0.908724
7865.198730 0.000000 1777.751099 0.000000 0.333132 0.000000 0.942880 0.344394 0.344394 0.344394
7863.129883 0.000000 1777.609009 0.000000 0.600919 0.000000 0.799310 0.941040 0.941040 0.941040
7859.380859 0.000000 1776.282959 0.000000 0.372100 0.000000 0.928193 0.906454 0.906454 0.906454
7884.617676 0.000000 1767.662964 0.000000 0.170753 0.000000 0.985314 0.704369 0.704369 0.704369
7887.446289 0.000000 1767.033691 0.000000 0.606825 0.000000 0.794836 0.896097 0.896097 0.896097
7896.470703 0.000000 1773.763550 0.000000 0.614688 0.000000 0.788770 0.878161 0.878161 0.878161
7894.963379 0.000000 1773.488525 0.000000 0.517648 0.000000 0.855594 0.934638 0.934638 0.934638
7896.183105 0.000000 1772.703125 0.000000 0.454626 0.000000 0.890682 0.852684 0.852684 0.852684
7892.220215 0.000000 1770.976562 0.000000 0.678110 0.000000 0.734960 0.947440 0.947440 0.947440
7892.853027 0.000000 1771.932007 0.000000 0.812348 0.000000 0.583173 0.960362 0.960362 0.960362
7937.525879 0.000000 1618.791992 0.000000 0.179951 0.000000 0.983676 0.911519 0.911519 0.911519
8029.048828 0.000000 1583.204956 0.000000 0.013129 0.000000 0.999914 0.769553 0.769553 0.769553
8029.639160 0.000000 1585.037720 0.000000 0.466312 0.000000 0.884620 0.867459 0.867459 0.867459
8026.547852 0.000000 1584.338501 0.000000 0.486822 0.000000 0.873501 0.932369 0.932369 0.932369
7955.007324 0.000000 1656.125244 0.000000 0.496910 0.000000 0.867802 0.276103 0.276103 0.276103
7956.832520 0.000000 1650.626465 0.000000 0.200858 0.000000 0.979620 0.236061 0.236061 0.236061
7989.633789 0.000000 1675.104126 0.000000 0.623876 0.000000 0.781524 0.337064 0.337064 0.337064
7954.498535 0.000000 1641.864868 0.000000 0.591278 0.000000 0.806468 0.316961 0.316961 0.316961
7955.894531 0.000000 1645.818604 0.000000 0.336216 0.000000 0.941785 0.261350 0.261350 0.261350
7982.782227 0.000000 1680.110962 0.000000 0.404113 0.000000 0.914709 0.294587 0.294587 0.294587
7989.007812 0.000000 1679.197266 0.000000 0.502308 0.000000 0.864689 0.507651 0.507651 0.507651
7992.471680 0.000000 1678.502930 0.000000 0.649172 0.000000 0.760641 0.742835 0.742835 0.742835
7952.004883 0.000000 1655.514648 0.000000 0.451850 0.000000 0.892094 0.320491 0.320491 0.320491
7953.817871 0.000000 1657.208008 0.000000 0.728840 0.000000 0.684684 0.452036 0.452036 0.452036
7954.338867 0.000000 1646.080078 0.000000 0.515875 0.000000 0.856664 0.934507 0.934507 0.934507
7959.035156 0.000000 1648.484009 0.000000 0.153630 0.000000 0.988128 0.379689 0.379689 0.379689
7936.126465 0.000000 1683.729736 0.000000 0.449415 0.000000 0.893323 0.929674 0.929674 0.929674
7953.185059 0.000000 1652.552856 0.000000 0.629130 0.000000 0.777300 0.879300 0.879300 0.879300
7984.316895 0.000000 1679.778198 0.000000 0.666056 0.000000 0.745902 0.940098 0.940098 0.940098
7993.239746 0.000000 1681.376221 0.000000 0.489325 0.000000 0.872102 0.728623 0.728623 0.728623
7991.950684 0.000000 1676.230835 0.000000 0.305679 0.000000 0.952135 0.899013 0.899013 0.899013
7993.404785 0.000000 1675.691040 0.000000 0.301412 0.000000 0.953494 0.919492 0.919492 0.919492
7940.561035 0.000000 1684.328369 0.000000 0.671146 0.000000 0.741325 0.946840 0.946840 0.946840
7993.484375 0.000000 1679.062744 0.000000 0.453803 0.000000 0.891102 0.706160 0.706160 0.706160
7939.149902 0.000000 1683.840210 0.000000 0.256253 0.000000 0.966610 0.916498 0.916498 0.916498
7954.209473 0.000000 1648.950439 0.000000 0.717766 0.000000 0.696284 0.950967 0.950967 0.950967
7955.048340 0.000000 1648.348267 0.000000 0.433493 0.000000 0.901157 0.928544 0.928544 0.928544
7956.064453 0.000000 1649.900269 0.000000 0.450505 0.000000 0.892774 0.929751 0.929751 0.929751
8008.614258 0.000000 1651.575684 0.000000 0.055831 0.000000 0.998440 0.213505 0.213505 0.213505
8004.846680 0.000000 1652.954224 0.000000 0.544947 0.000000 0.838471 0.936690 0.936690 0.936690
8009.676758 0.000000 1652.723389 0.000000 0.059935 0.000000 0.998202 0.903818 0.903818 0.903818
8003.621094 0.000000 1675.134888 0.000000 0.655071 0.000000 0.755567 0.945472 0.945472 0.945472
8004.470703 0.000000 1673.036011 0.000000 0.863234 0.000000 0.504803 0.703827 0.703827 0.703827
8010.865723 0.000000 1653.137695 0.000000 0.805185 0.000000 0.593024 0.752775 0.752775 0.752775
8005.924316 0.000000 1653.686279 0.000000 0.351824 0.000000 0.936066 0.922888 0.922888 0.922888
8004.652344 0.000000 1675.322144 0.000000 0.400850 0.000000 0.916143 0.926257 0.926257 0.926257
8001.525879 0.000000 1675.276367 0.000000 0.826821 0.000000 0.562466 0.961971 0.961971 0.961971
8004.651367 0.000000 1651.385498 0.000000 0.413238 0.000000 0.910623 0.927120 0.927120 0.927120
8002.586426 0.000000 1672.929443 0.000000 0.718107 0.000000 0.695933 0.950998 0.950998 0.950998
7964.838379 0.000000 1719.598633 0.000000 0.729408 0.000000 0.684079 0.362611 0.362611 0.362611
7963.203125 0.000000 1733.848999 0.000000 0.224159 0.000000 0.974553 0.255767 0.255767 0.255767
7961.336426 0.000000 1732.529541 0.000000 0.429023 0.000000 0.903294 0.333237 0.333237 0.333237
7986.132324 0.000000 1713.952393 0.000000 0.746398 0.000000 0.665499 0.774511 0.774511 0.774511
7964.899902 0.000000 1746.079956 0.000000 0.785116 0.000000 0.619349 0.914458 0.914458 0.914458
7961.935547 0.000000 1734.933838 0.000000 0.399515 0.000000 0.916727 0.324966 0.324966 0.324966
7946.331055 0.000000 1739.867554 0.000000 0.734378 0.000000 0.678741 0.560683 0.560683 0.560683
7965.034668 0.000000 1748.015015 0.000000 0.179598 0.000000 0.983740 0.694407 0.694407 0.694407
7947.735352 0.000000 1738.584595 0.000000 0.451971 0.000000 0.892033 0.503128 0.503128 0.503128
7991.122559 0.000000 1699.674072 0.000000 0.857448 0.000000 0.514571 0.965590 0.965590 0.965590
7946.666016 0.000000 1736.892822 0.000000 0.575171 0.000000 0.818033 0.939013 0.939013 0.939013
7988.156250 0.000000 1712.899292 0.000000 0.807931 0.000000 0.589277 0.959883 0.959883 0.959883
7949.130371 0.000000 1736.707397 0.000000 0.807559 0.000000 0.589787 0.959842 0.959842 0.959842
7964.615723 0.000000 1729.017944 0.000000 0.535452 0.000000 0.844566 0.935972 0.935972 0.935972
7989.577148 0.000000 1713.477295 0.000000 0.488370 0.000000 0.872637 0.932482 0.932482 0.932482
7969.256836 0.000000 1731.378052 0.000000 0.317156 0.000000 0.948373 0.920546 0.920546 0.920546
7990.707520 0.000000 1709.815063 0.000000 0.253139 0.000000 0.967430 0.863114 0.863114 0.863114
7966.140625 0.000000 1730.197632 0.000000 0.497082 0.000000 0.867704 0.933119 0.933119 0.933119
7965.189453 0.000000 1731.450928 0.000000 0.622910 0.000000 0.782293 0.940119 0.940119 0.940119
7944.383301 0.000000 1739.502441 0.000000 0.626037 0.000000 0.779793 0.943065 0.943065 0.943065
7968.414062 0.000000 1730.563110 0.000000 0.428212 0.000000 0.903678 0.928171 0.928171 0.928171
7988.881348 0.000000 1710.453613 0.000000 0.344530 0.000000 0.938775 0.922392 0.922392 0.922392
4282.305176 0.000000 2303.356445 0.000000 0.827818 0.000000 0.560997 0.381121 0.381121 0.381121
4287.565430 0.000000 2301.897217 0.000000 0.450920 0.000000 0.892564 0.878562 0.878562 0.878562
4299.256348 0.000000 2312.408447 0.000000 0.804214 0.000000 0.594340 0.825364 0.825364 0.825364
4281.460938 0.000000 2315.962646 0.000000 0.627433 0.000000 0.778671 0.333213 0.333213 0.333213
4287.462891 0.000000 2316.209229 0.000000 0.073882 0.000000 0.997267 0.380142 0.380142 0.380142
4303.130859 0.000000 2355.231201 0.000000 0.425869 0.000000 0.904785 0.250563 0.250563 0.250563
4339.634277 0.000000 2358.587158 0.000000 0.633779 0.000000 0.773514 0.325468 0.325468 0.325468
4345.190430 0.000000 2357.966309 0.000000 0.740602 0.000000 0.671944 0.364518 0.364518 0.364518
4340.393066 0.000000 2338.252930 0.000000 0.295583 0.000000 0.955317 0.425012 0.425012 0.425012
4325.294434 0.000000 2360.815430 0.000000 0.283936 0.000000 0.958843 0.307350 0.307350 0.307350
4296.564453 0.000000 2367.590332 0.000000 0.492373 0.000000 0.870384 0.414197 0.414197 0.414197
4342.609375 0.000000 2343.708008 0.000000 0.246119 0.000000 0.969240 0.322544 0.322544 0.322544
4297.995605 0.000000 2364.700439 0.000000 0.012218 0.000000 0.999925 0.775556 0.775556 0.775556
4247.890625 0.000000 2391.401367 0.000000 0.298515 0.000000 0.954405 0.222291 0.222291 0.222291
4272.914551 0.000000 2389.527344 0.000000 0.481430 0.000000 0.876485 0.356122 0.356122 0.356122
4263.260742 0.000000 2393.947754 0.000000 0.667180 0.000000 0.744897 0.370026 0.370026 0.370026
4227.095703 0.000000 2387.793945 0.000000 0.782924 0.000000 0.622118 0.394645 0.394645 0.394645
4236.617676 0.000000 2388.990967 0.000000 0.691047 0.000000 0.722810 0.772764 0.772764 0.772764
4237.735352 0.000000 2388.011963 0.000000 0.260257 0.000000 0.965539 0.695889 0.695889 0.695889
4263.998535 0.000000 2395.769531 0.000000 0.858893 0.000000 0.512155 0.944023 0.944023 0.944023
4262.267090 0.000000 2394.155273 0.000000 0.320118 0.000000 0.947378 0.870394 0.870394 0.870394
4263.437500 0.000000 2394.972168 0.000000 0.670246 0.000000 0.742139 0.912941 0.912941 0.912941
4290.944824 0.000000 2389.739746 0.000000 0.660658 0.000000 0.750687 0.336244 0.336244 0.336244
4347.815430 0.000000 2391.063477 0.000000 0.750128 0.000000 0.661293 0.380675 0.380675 0.380675
4342.302246 0.000000 2386.631104 0.000000 0.038301 0.000000 0.999266 0.531610 0.531610 0.531610
4318.609375 0.000000 2398.006348 0.000000 0.013908 0.000000 0.999903 0.507302 0.507302 0.507302
4347.262207 0.000000 2394.479736 0.000000 0.845532 0.000000 0.533925 0.738618 0.738618 0.738618
4302.777344 0.000000 2392.595947 0.000000 0.579399 0.000000 0.815044 0.517732 0.517732 0.517732
4330.439941 0.000000 2384.567627 0.000000 0.688703 0.000000 0.725043 0.370910 0.370910 0.370910
4300.289551 0.000000 2385.791016 0.000000 0.031484 0.000000 0.999504 0.735926 0.735926 0.735926
4327.789551 0.000000 2386.281250 0.000000 0.278504 0.000000 0.960435 0.628253 0.628253 0.628253
4321.762207 0.000000 2394.241699 0.000000 0.853709 0.000000 0.520750 0.502570 0.502570 0.502570
4301.344238 0.000000 2386.633545 0.000000 0.464300 0.000000 0.885678 0.911183 0.911183 0.911183
4289.121582 0.000000 2389.452148 0.000000 0.372664 0.000000 0.927966 0.924311 0.924311 0.924311
4288.030273 0.000000 2389.732910 0.000000 0.114617 0.000000 0.993410 0.907313 0.907313 0.907313
4300.040527 0.000000 2391.116211 0.000000 0.742014 0.000000 0.670385 0.910304 0.910304 0.910304
7894.025391 0.000000 1962.762817 0.000000 0.622135 0.000000 0.782910 0.716279 0.716279 0.716279
7886.689941 0.000000 1956.813110 0.000000 0.500596 0.000000 0.865681 0.887917 0.887917 0.887917
7895.733887 0.000000 1962.369995 0.000000 0.719396 0.000000 0.694600 0.736973 0.736973 0.736973
"}
object={
	name="palm_dense_generator_2_1"
	clamp_to_water_level=no
	render_under_water=no
	generated_content=yes
	layer="semidynamic_medium"
	pdxmesh="tree_palm_02_mesh"
	count=347
	transform="896.588501 0.000000 730.114990 0.000000 0.993776 0.000000 -0.111399 0.699431 0.699431 0.699431
896.927002 0.000000 731.506226 0.000000 0.922540 0.000000 -0.385902 0.745465 0.745465 0.745465
941.887329 0.000000 717.044495 0.000000 0.997584 0.000000 -0.069471 1.004426 1.004426 1.004426
979.508606 0.000000 694.204468 0.000000 0.903898 0.000000 0.427748 0.941406 0.941406 0.941406
903.979919 0.000000 776.432190 0.000000 0.999983 0.000000 0.005751 0.498740 0.498740 0.498740
930.581665 0.000000 753.476562 0.000000 0.999915 0.000000 0.013034 0.821447 0.821447 0.821447
905.264099 0.000000 778.890137 0.000000 0.974346 0.000000 0.225055 0.985549 0.985549 0.985549
973.704834 0.000000 747.123474 0.000000 0.984308 0.000000 -0.176458 0.531022 0.531022 0.531022
975.028870 0.000000 747.402771 0.000000 0.890263 0.000000 0.455447 0.788495 0.788495 0.788495
1010.000244 0.000000 737.604797 0.000000 0.981547 0.000000 -0.191222 0.965013 0.965013 0.965013
1011.501953 0.000000 734.363770 0.000000 0.999798 0.000000 -0.020077 1.001278 1.001278 1.001278
899.915771 0.000000 795.394287 0.000000 0.963585 0.000000 -0.267401 0.881231 0.881231 0.881231
948.589661 0.000000 834.199951 0.000000 0.918492 0.000000 -0.395440 1.037452 1.037452 1.037452
949.109436 0.000000 835.056274 0.000000 0.944545 0.000000 -0.328383 1.030823 1.030823 1.030823
994.376160 0.000000 807.223999 0.000000 0.962086 0.000000 -0.272746 0.833793 0.833793 0.833793
1122.393066 0.000000 674.029785 0.000000 0.895414 0.000000 -0.445234 0.746071 0.746071 0.746071
1179.430908 0.000000 661.962769 0.000000 0.991635 0.000000 0.129076 0.991760 0.991760 0.991760
1177.886475 0.000000 663.400513 0.000000 0.945539 0.000000 -0.325508 1.021107 1.021107 1.021107
1028.081787 0.000000 697.782288 0.000000 0.959337 0.000000 0.282262 0.981783 0.981783 0.981783
2698.351318 0.000000 1263.535156 0.000000 0.999540 0.000000 0.030321 0.493470 0.493470 0.493470
2697.084717 0.000000 1253.474121 0.000000 0.999961 0.000000 -0.008844 0.501785 0.501785 0.501785
8061.507812 0.000000 671.104919 0.000000 0.941623 0.000000 0.336668 0.431462 0.431462 0.431462
8057.384766 0.000000 677.579895 0.000000 0.998511 0.000000 0.054544 0.490702 0.490702 0.490702
8053.005371 0.000000 673.523376 0.000000 0.999908 0.000000 0.013533 0.497998 0.497998 0.497998
8049.031738 0.000000 667.666687 0.000000 0.933738 0.000000 -0.357957 0.562376 0.562376 0.562376
8049.262695 0.000000 675.889221 0.000000 0.994307 0.000000 0.106549 0.480371 0.480371 0.480371
8042.638672 0.000000 671.760742 0.000000 0.964855 0.000000 -0.262783 0.543316 0.543316 0.543316
8053.101074 0.000000 666.653625 0.000000 0.998021 0.000000 -0.062885 0.510675 0.510675 0.510675
8047.350098 0.000000 676.071167 0.000000 0.964107 0.000000 -0.265516 0.541362 0.541362 0.541362
8051.824219 0.000000 665.662598 0.000000 0.998811 0.000000 -0.048741 0.536739 0.536739 0.536739
8061.976074 0.000000 662.013977 0.000000 0.964329 0.000000 -0.264707 0.759197 0.759197 0.759197
8054.203613 0.000000 661.658569 0.000000 0.874543 0.000000 0.484949 0.518440 0.518440 0.518440
8042.601562 0.000000 673.176697 0.000000 0.984723 0.000000 -0.174126 1.018483 1.018483 1.018483
8051.649902 0.000000 673.949768 0.000000 0.997664 0.000000 0.068318 0.577542 0.577542 0.577542
8054.834961 0.000000 659.002686 0.000000 0.996704 0.000000 -0.081127 0.919274 0.919274 0.919274
8044.208984 0.000000 675.414734 0.000000 0.962124 0.000000 0.272612 0.982422 0.982422 0.982422
8044.655273 0.000000 673.253540 0.000000 0.944934 0.000000 0.327261 0.959298 0.959298 0.959298
8042.913086 0.000000 675.328369 0.000000 0.943596 0.000000 0.331098 0.799692 0.799692 0.799692
8053.881348 0.000000 663.487854 0.000000 0.978288 0.000000 -0.207248 0.749592 0.749592 0.749592
8058.264648 0.000000 671.966064 0.000000 0.877230 0.000000 0.480071 0.649038 0.649038 0.649038
8055.533691 0.000000 675.283630 0.000000 0.924394 0.000000 -0.381439 0.847533 0.847533 0.847533
8045.231445 0.000000 674.911011 0.000000 0.890572 0.000000 -0.454842 1.030061 1.030061 1.030061
8057.305176 0.000000 672.524841 0.000000 0.958050 0.000000 0.286602 0.827149 0.827149 0.827149
8083.253418 0.000000 612.430359 0.000000 0.999602 0.000000 0.028209 0.494876 0.494876 0.494876
8082.010742 0.000000 615.376831 0.000000 0.994665 0.000000 0.103162 0.767619 0.767619 0.767619
8067.837402 0.000000 644.890198 0.000000 0.951168 0.000000 -0.308675 0.566629 0.566629 0.566629
8064.936035 0.000000 643.937683 0.000000 0.939541 0.000000 0.342437 0.435212 0.435212 0.435212
8094.961914 0.000000 622.289429 0.000000 0.999310 0.000000 -0.037138 0.506997 0.506997 0.506997
8071.408691 0.000000 639.165649 0.000000 0.991265 0.000000 0.131882 0.476968 0.476968 0.476968
8065.843750 0.000000 667.707825 0.000000 0.999652 0.000000 0.026387 0.496057 0.496057 0.496057
8085.209473 0.000000 628.190369 0.000000 0.940466 0.000000 0.339888 0.543517 0.543517 0.543517
8079.104980 0.000000 624.230713 0.000000 0.930509 0.000000 0.366270 0.487116 0.487116 0.487116
8070.813965 0.000000 643.092163 0.000000 0.956237 0.000000 -0.292592 0.689713 0.689713 0.689713
8075.538086 0.000000 644.673096 0.000000 0.890545 0.000000 -0.454895 1.032187 1.032187 1.032187
8046.042969 0.000000 683.667175 0.000000 0.982780 0.000000 -0.184779 0.538348 0.538348 0.538348
8052.657715 0.000000 677.848572 0.000000 0.948345 0.000000 0.317241 0.444995 0.444995 0.444995
8050.425293 0.000000 679.966858 0.000000 0.891239 0.000000 0.453533 0.417678 0.417678 0.417678
8034.505859 0.000000 693.243835 0.000000 0.999999 0.000000 0.001651 0.999823 0.999823 0.999823
7864.630371 0.000000 1013.689392 0.000000 0.941703 0.000000 0.336445 0.446159 0.446159 0.446159
7864.427734 0.000000 1012.105347 0.000000 0.980562 0.000000 0.196209 0.469012 0.469012 0.469012
7866.669922 0.000000 1015.972168 0.000000 0.889909 0.000000 -0.456138 0.626431 0.626431 0.626431
7869.190430 0.000000 1015.656555 0.000000 0.997229 0.000000 0.074395 0.995259 0.995259 0.995259
7868.292969 0.000000 1016.557190 0.000000 0.988834 0.000000 -0.149024 0.886232 0.886232 0.886232
7884.083496 0.000000 1005.748230 0.000000 0.939862 0.000000 0.341554 0.430165 0.430165 0.430165
7906.111328 0.000000 991.849548 0.000000 0.997823 0.000000 0.065947 0.489645 0.489645 0.489645
7876.384766 0.000000 1011.007019 0.000000 0.901277 0.000000 -0.433243 0.587424 0.587424 0.587424
7892.436035 0.000000 1002.506226 0.000000 0.910724 0.000000 0.413015 0.420439 0.420439 0.420439
7899.443848 0.000000 992.499329 0.000000 0.945881 0.000000 0.324514 0.440221 0.440221 0.440221
7880.237305 0.000000 1008.260925 0.000000 0.982274 0.000000 0.187452 0.563567 0.563567 0.563567
7888.583984 0.000000 998.590515 0.000000 0.921243 0.000000 -0.388988 0.559099 0.559099 0.559099
7922.861328 0.000000 1015.751831 0.000000 0.901988 0.000000 -0.431760 1.044316 1.044316 1.044316
7881.022461 0.000000 1003.301636 0.000000 0.915773 0.000000 0.401696 0.575953 0.575953 0.575953
7901.685059 0.000000 994.989075 0.000000 0.929014 0.000000 -0.370044 0.879286 0.879286 0.879286
7889.052246 0.000000 1003.038940 0.000000 0.877206 0.000000 0.480115 0.851065 0.851065 0.851065
7925.900391 0.000000 1011.609131 0.000000 0.999821 0.000000 0.018922 0.998313 0.998313 0.998313
7906.136719 0.000000 988.358215 0.000000 0.884979 0.000000 0.465631 0.948851 0.948851 0.948851
7881.122070 0.000000 1007.296021 0.000000 0.998996 0.000000 -0.044803 1.002853 1.002853 1.002853
7924.617188 0.000000 1013.591431 0.000000 0.951242 0.000000 0.308445 0.980038 0.980038 0.980038
7872.743652 0.000000 1011.155090 0.000000 0.999915 0.000000 -0.013024 0.933326 0.933326 0.933326
7884.104980 0.000000 1003.133118 0.000000 0.915754 0.000000 -0.401740 1.039587 1.039587 1.039587
7892.037109 0.000000 999.983032 0.000000 0.999958 0.000000 0.009155 0.959447 0.959447 0.959447
7882.690430 0.000000 1006.596191 0.000000 0.940349 0.000000 -0.340211 1.033020 1.033020 1.033020
7880.217285 0.000000 1006.847595 0.000000 0.990338 0.000000 -0.138672 1.008857 1.008857 1.008857
7836.838379 0.000000 1041.786133 0.000000 0.874386 0.000000 -0.485231 0.591636 0.591636 0.591636
7855.882812 0.000000 1021.742432 0.000000 0.894072 0.000000 -0.447924 0.575310 0.575310 0.575310
7858.425293 0.000000 1018.873108 0.000000 0.947793 0.000000 0.318885 0.609485 0.609485 0.609485
7847.104492 0.000000 1028.612305 0.000000 0.987997 0.000000 0.154472 0.670932 0.670932 0.670932
7861.097168 0.000000 1018.504089 0.000000 0.940998 0.000000 0.338412 0.440918 0.440918 0.440918
7848.256348 0.000000 1033.566528 0.000000 0.874017 0.000000 0.485895 0.628401 0.628401 0.628401
7855.105469 0.000000 1020.280090 0.000000 0.950564 0.000000 0.310529 0.448801 0.448801 0.448801
7844.813477 0.000000 1033.872925 0.000000 0.984406 0.000000 0.175909 0.696761 0.696761 0.696761
7839.813965 0.000000 1039.757202 0.000000 0.948903 0.000000 0.315569 0.979561 0.979561 0.979561
7848.166504 0.000000 1029.324829 0.000000 0.993202 0.000000 0.116407 0.992572 0.992572 0.992572
7857.067871 0.000000 1021.247681 0.000000 0.942284 0.000000 -0.334814 1.010656 1.010656 1.010656
7838.762207 0.000000 1038.887329 0.000000 0.911685 0.000000 0.410889 0.973044 0.973044 0.973044
7865.375000 0.000000 1019.976501 0.000000 0.936530 0.000000 -0.350589 1.026023 1.026023 1.026023
7840.863281 0.000000 1037.543457 0.000000 0.978933 0.000000 0.204182 0.986909 0.986909 0.986909
7860.906250 0.000000 1022.971130 0.000000 0.951136 0.000000 -0.308771 1.019984 1.019984 1.019984
7848.529297 0.000000 1034.589233 0.000000 0.974548 0.000000 0.224177 0.981203 0.981203 0.981203
7854.404297 0.000000 1028.961426 0.000000 0.999772 0.000000 0.021369 0.997327 0.997327 0.997327
7857.758301 0.000000 1028.970215 0.000000 0.977944 0.000000 0.208867 0.986605 0.986605 0.986605
7849.508789 0.000000 1029.092773 0.000000 0.959183 0.000000 0.282786 0.981748 0.981748 0.981748
7844.938477 0.000000 1035.503418 0.000000 0.930811 0.000000 -0.365500 1.023820 1.023820 1.023820
7853.207031 0.000000 1030.520752 0.000000 0.943548 0.000000 -0.331237 1.021493 1.021493 1.021493
7908.749023 0.000000 1026.088257 0.000000 0.953190 0.000000 0.302373 0.449730 0.449730 0.449730
7907.182129 0.000000 1023.485107 0.000000 0.998865 0.000000 0.047640 0.492022 0.492022 0.492022
7905.853027 0.000000 1028.483521 0.000000 0.985424 0.000000 -0.170117 0.600038 0.600038 0.600038
7906.581543 0.000000 1035.898438 0.000000 0.935539 0.000000 0.353224 0.821222 0.821222 0.821222
7908.154785 0.000000 1024.421143 0.000000 0.970669 0.000000 -0.240420 0.784527 0.784527 0.784527
7906.554688 0.000000 1026.432861 0.000000 0.999988 0.000000 -0.004850 1.000309 1.000309 1.000309
7927.062500 0.000000 1124.220581 0.000000 0.956685 0.000000 0.291125 0.443472 0.443472 0.443472
7931.526855 0.000000 1105.970337 0.000000 0.904697 0.000000 -0.426055 1.028019 1.028019 1.028019
7953.939453 0.000000 1058.514282 0.000000 0.993319 0.000000 0.115403 0.477867 0.477867 0.477867
7952.398438 0.000000 1061.775146 0.000000 0.872954 0.000000 -0.487803 0.652548 0.652548 0.652548
7947.786133 0.000000 1078.256104 0.000000 0.924332 0.000000 0.381590 0.420094 0.420094 0.420094
8176.927734 0.000000 1061.734741 0.000000 0.971649 0.000000 -0.236426 0.680384 0.680384 0.680384
8168.015625 0.000000 1080.831665 0.000000 0.995131 0.000000 0.098562 0.479408 0.479408 0.479408
8145.436523 0.000000 1097.072144 0.000000 0.995897 0.000000 -0.090493 0.517680 0.517680 0.517680
8163.689941 0.000000 1124.804810 0.000000 0.996216 0.000000 0.086917 0.484585 0.484585 0.484585
8181.005371 0.000000 1125.398315 0.000000 0.928420 0.000000 -0.371532 0.573128 0.573128 0.573128
8159.888672 0.000000 1094.747437 0.000000 0.866900 0.000000 -0.498481 0.595952 0.595952 0.595952
8143.228516 0.000000 1100.215332 0.000000 0.911396 0.000000 0.411531 0.498364 0.498364 0.498364
8157.418457 0.000000 1123.200684 0.000000 0.933774 0.000000 0.357862 0.441479 0.441479 0.441479
8184.471680 0.000000 1113.659180 0.000000 0.991091 0.000000 -0.133187 0.776578 0.776578 0.776578
8138.416504 0.000000 1104.887329 0.000000 0.910810 0.000000 0.412825 0.836703 0.836703 0.836703
8143.736328 0.000000 1103.964355 0.000000 0.999956 0.000000 0.009428 0.934866 0.934866 0.934866
8141.642090 0.000000 1094.854736 0.000000 0.938360 0.000000 -0.345659 1.040190 1.040190 1.040190
8169.936523 0.000000 1126.299561 0.000000 0.885666 0.000000 -0.464322 0.838117 0.838117 0.838117
8138.583984 0.000000 1099.427124 0.000000 0.943953 0.000000 -0.330081 1.040059 1.040059 1.040059
8146.728027 0.000000 1107.361206 0.000000 0.992989 0.000000 0.118205 0.992457 0.992457 0.992457
8154.062500 0.000000 1100.240723 0.000000 0.937367 0.000000 0.348342 0.965091 0.965091 0.965091
8155.529297 0.000000 1103.889038 0.000000 0.923972 0.000000 -0.382461 1.024985 1.024985 1.024985
8166.826172 0.000000 1079.939209 0.000000 0.999899 0.000000 -0.014223 1.000906 1.000906 1.000906
8150.404297 0.000000 1098.818481 0.000000 0.982950 0.000000 -0.183873 0.716215 0.716215 0.716215
8147.521973 0.000000 1104.978760 0.000000 0.954513 0.000000 0.298170 0.980725 0.980725 0.980725
8138.576172 0.000000 1103.546875 0.000000 0.960145 0.000000 0.279502 0.798238 0.798238 0.798238
8177.244629 0.000000 1110.255371 0.000000 0.897880 0.000000 -0.440240 1.045665 1.045665 1.045665
8177.310547 0.000000 1102.672974 0.000000 0.993828 0.000000 -0.110929 0.957710 0.957710 0.957710
8183.961426 0.000000 1074.895752 0.000000 0.922871 0.000000 -0.385110 0.915320 0.915320 0.915320
8143.586426 0.000000 1099.072388 0.000000 0.999921 0.000000 -0.012564 1.001402 1.001402 1.001402
8170.690430 0.000000 1129.246338 0.000000 0.971179 0.000000 0.238353 0.956105 0.956105 0.956105
8148.545898 0.000000 1105.363525 0.000000 0.907595 0.000000 -0.419846 1.056789 1.056789 1.056789
8156.950195 0.000000 1121.067993 0.000000 0.875139 0.000000 0.483873 0.949688 0.949688 0.949688
8154.685059 0.000000 1102.800781 0.000000 0.898035 0.000000 -0.439925 1.028999 1.028999 1.028999
8141.138672 0.000000 1104.741455 0.000000 0.923104 0.000000 0.384550 0.968367 0.968367 0.968367
8154.147949 0.000000 1097.748657 0.000000 0.999740 0.000000 0.022794 0.997593 0.997593 0.997593
8140.066406 0.000000 1103.468506 0.000000 0.879254 0.000000 -0.476354 1.066563 1.066563 1.066563
8155.121094 0.000000 1100.517212 0.000000 0.998413 0.000000 0.056312 0.994472 0.994472 0.994472
8142.926270 0.000000 1097.019043 0.000000 0.999927 0.000000 0.012124 0.999228 0.999228 0.999228
8137.816895 0.000000 1098.716431 0.000000 0.995130 0.000000 -0.098570 1.006285 1.006285 1.006285
8142.938965 0.000000 1104.433228 0.000000 0.939607 0.000000 0.342254 0.977762 0.977762 0.977762
7898.074219 0.000000 1160.203979 0.000000 0.978169 0.000000 -0.207813 0.544919 0.544919 0.544919
7917.434082 0.000000 1159.416748 0.000000 0.883967 0.000000 -0.467550 0.600752 0.600752 0.600752
7891.771973 0.000000 1152.312988 0.000000 0.975465 0.000000 0.220153 0.453700 0.453700 0.453700
7891.362793 0.000000 1157.675293 0.000000 0.951852 0.000000 -0.306559 0.547255 0.547255 0.547255
7886.401855 0.000000 1171.383301 0.000000 0.998872 0.000000 -0.047493 0.507882 0.507882 0.507882
7912.647949 0.000000 1131.014160 0.000000 0.876340 0.000000 0.481692 0.406084 0.406084 0.406084
7892.821777 0.000000 1160.798462 0.000000 0.930706 0.000000 -0.365767 0.580555 0.580555 0.580555
7887.799805 0.000000 1172.751343 0.000000 0.998132 0.000000 -0.061094 0.509043 0.509043 0.509043
7893.008301 0.000000 1158.792603 0.000000 0.960757 0.000000 0.277391 0.729020 0.729020 0.729020
7901.614258 0.000000 1161.415405 0.000000 0.927325 0.000000 0.374257 0.812636 0.812636 0.812636
7913.963379 0.000000 1137.216797 0.000000 0.953484 0.000000 -0.301443 0.555051 0.555051 0.555051
7890.362793 0.000000 1162.324097 0.000000 0.996119 0.000000 0.088012 0.559864 0.559864 0.559864
7927.353516 0.000000 1136.831299 0.000000 0.983349 0.000000 0.181726 0.472421 0.472421 0.472421
7897.742188 0.000000 1158.738770 0.000000 0.931239 0.000000 0.364410 0.625883 0.625883 0.625883
7901.854004 0.000000 1158.879883 0.000000 0.987591 0.000000 0.157047 0.989961 0.989961 0.989961
7894.189453 0.000000 1158.690674 0.000000 0.877170 0.000000 -0.480179 1.031886 1.031886 1.031886
7913.375000 0.000000 1183.730469 0.000000 0.956404 0.000000 0.292047 0.981133 0.981133 0.981133
7912.988770 0.000000 1182.394897 0.000000 0.868999 0.000000 0.494815 0.967047 0.967047 0.967047
7895.371582 0.000000 1159.098755 0.000000 0.984242 0.000000 -0.176828 1.011317 1.011317 1.011317
7768.641113 0.000000 1298.380737 0.000000 0.923738 0.000000 -0.383025 0.560498 0.560498 0.560498
7749.572266 0.000000 1289.587036 0.000000 0.943983 0.000000 0.329994 0.492998 0.492998 0.492998
7787.311523 0.000000 1267.804077 0.000000 0.981989 0.000000 -0.188937 0.531249 0.531249 0.531249
7748.679688 0.000000 1295.271240 0.000000 0.921200 0.000000 0.389090 0.434599 0.434599 0.434599
7773.034668 0.000000 1296.140015 0.000000 0.926805 0.000000 -0.375542 0.718796 0.718796 0.718796
7755.583008 0.000000 1289.601074 0.000000 0.999514 0.000000 -0.031182 1.002966 1.002966 1.002966
7744.328125 0.000000 1291.124634 0.000000 0.907596 0.000000 0.419844 0.972417 0.972417 0.972417
7753.264160 0.000000 1287.249512 0.000000 0.998099 0.000000 0.061636 0.994595 0.994595 0.994595
7750.966309 0.000000 1290.526245 0.000000 0.885030 0.000000 -0.465534 1.030828 1.030828 1.030828
7751.959473 0.000000 1291.915039 0.000000 0.968883 0.000000 -0.247520 1.015923 1.015923 1.015923
7777.498047 0.000000 1290.871094 0.000000 0.975483 0.000000 0.220075 0.963842 0.963842 0.963842
7749.108887 0.000000 1292.288818 0.000000 0.998809 0.000000 0.048794 0.996892 0.996892 0.996892
7783.639160 0.000000 1269.729370 0.000000 0.988134 0.000000 0.153593 0.671076 0.671076 0.671076
7745.519531 0.000000 1290.200073 0.000000 0.986722 0.000000 0.162417 0.989614 0.989614 0.989614
7778.136719 0.000000 1270.780029 0.000000 0.901886 0.000000 0.431974 0.970894 0.970894 0.970894
7753.122070 0.000000 1289.717896 0.000000 0.996411 0.000000 0.084652 0.994604 0.994604 0.994604
7756.862793 0.000000 1287.318604 0.000000 0.996437 0.000000 -0.084344 1.005376 1.005376 1.005376
7750.282227 0.000000 1288.710693 0.000000 0.908122 0.000000 -0.418705 1.027503 1.027503 1.027503
7790.371582 0.000000 1267.281006 0.000000 0.999751 0.000000 0.022320 0.998178 0.998178 0.998178
7752.949219 0.000000 1291.591431 0.000000 0.959478 0.000000 -0.281784 1.018185 1.018185 1.018185
7784.891602 0.000000 1268.091797 0.000000 0.989351 0.000000 -0.145550 1.018051 1.018051 1.018051
7772.664062 0.000000 1295.198975 0.000000 0.906693 0.000000 -0.421792 1.027720 1.027720 1.027720
7755.251465 0.000000 1287.587280 0.000000 0.952081 0.000000 -0.305846 1.019788 1.019788 1.019788
7779.876465 0.000000 1271.162354 0.000000 0.873407 0.000000 0.486991 0.966857 0.966857 0.966857
7774.393066 0.000000 1292.497681 0.000000 0.990658 0.000000 -0.136371 1.008709 1.008709 1.008709
7745.867188 0.000000 1288.028198 0.000000 0.985387 0.000000 -0.170330 1.010897 1.010897 1.010897
7770.987305 0.000000 1299.229370 0.000000 0.944925 0.000000 0.327287 0.432948 0.432948 0.432948
7757.306641 0.000000 1323.692139 0.000000 0.932079 0.000000 0.362255 0.684901 0.684901 0.684901
7761.185059 0.000000 1313.646606 0.000000 0.975960 0.000000 0.217949 0.986013 0.986013 0.986013
7749.529297 0.000000 1302.630615 0.000000 0.981798 0.000000 0.189926 0.979820 0.979820 0.979820
7748.471191 0.000000 1302.784668 0.000000 0.953066 0.000000 -0.302764 1.032483 1.032483 1.032483
7759.467773 0.000000 1317.517456 0.000000 0.923670 0.000000 0.383188 0.974965 0.974965 0.974965
7758.583984 0.000000 1320.355713 0.000000 0.998449 0.000000 0.055680 0.996453 0.996453 0.996453
7759.258301 0.000000 1316.061768 0.000000 0.974668 0.000000 0.223656 0.985640 0.985640 0.985640
7899.120117 0.000000 1244.604858 0.000000 0.896009 0.000000 -0.444036 0.593374 0.593374 0.593374
8180.003906 0.000000 1133.015015 0.000000 0.944094 0.000000 -0.329677 0.565799 0.565799 0.565799
8172.016602 0.000000 1131.436157 0.000000 0.877718 0.000000 -0.479177 0.594091 0.594091 0.594091
8179.663574 0.000000 1130.855957 0.000000 0.992788 0.000000 0.119880 0.521017 0.521017 0.521017
8126.913574 0.000000 1345.179199 0.000000 0.987387 0.000000 -0.158325 1.017029 1.017029 1.017029
8172.463379 0.000000 1313.764282 0.000000 0.942908 0.000000 -0.333053 1.021616 1.021616 1.021616
8157.979492 0.000000 1327.344360 0.000000 0.981694 0.000000 0.190468 0.987513 0.987513 0.987513
8173.085449 0.000000 1314.707031 0.000000 0.937096 0.000000 -0.349072 1.022701 1.022701 1.022701
7895.339844 0.000000 1501.001221 0.000000 0.955783 0.000000 -0.294072 0.552200 0.552200 0.552200
7894.604004 0.000000 1507.123413 0.000000 0.954572 0.000000 0.297979 0.454110 0.454110 0.454110
7899.528320 0.000000 1503.132935 0.000000 0.891109 0.000000 -0.453789 0.732636 0.732636 0.732636
7897.336426 0.000000 1506.592041 0.000000 0.997299 0.000000 -0.073443 0.820624 0.820624 0.820624
7897.935547 0.000000 1508.996338 0.000000 0.933185 0.000000 -0.359396 1.050386 1.050386 1.050386
7897.742188 0.000000 1497.645020 0.000000 0.962305 0.000000 0.271972 0.972563 0.972563 0.972563
7899.430664 0.000000 1509.228394 0.000000 0.893821 0.000000 0.448424 0.759326 0.759326 0.759326
7897.770020 0.000000 1507.761475 0.000000 0.932780 0.000000 -0.360447 0.868019 0.868019 0.868019
7898.672852 0.000000 1506.869141 0.000000 0.952741 0.000000 0.303784 0.946474 0.946474 0.946474
7896.998535 0.000000 1499.350464 0.000000 0.958411 0.000000 0.285392 0.978974 0.978974 0.978974
7899.906250 0.000000 1507.008057 0.000000 0.972313 0.000000 -0.233683 1.023606 1.023606 1.023606
8104.687988 0.000000 1378.125610 0.000000 0.989088 0.000000 -0.147328 0.680650 0.680650 0.680650
8107.729004 0.000000 1376.680542 0.000000 0.992821 0.000000 -0.119612 1.014817 1.014817 1.014817
8110.654785 0.000000 1365.652466 0.000000 0.975102 0.000000 0.221758 0.981745 0.981745 0.981745
8111.321289 0.000000 1364.283813 0.000000 0.977122 0.000000 -0.212679 1.017496 1.017496 1.017496
8132.635742 0.000000 1368.027832 0.000000 0.935634 0.000000 -0.352972 0.914629 0.914629 0.914629
8133.597656 0.000000 1369.092651 0.000000 0.989555 0.000000 0.144155 0.835072 0.835072 0.835072
8091.673340 0.000000 1464.882690 0.000000 0.897262 0.000000 0.441498 0.421402 0.421402 0.421402
8090.529785 0.000000 1467.516235 0.000000 0.962897 0.000000 0.269868 0.642032 0.642032 0.642032
8063.510742 0.000000 1493.330444 0.000000 0.927358 0.000000 -0.374175 0.571952 0.571952 0.571952
8059.914062 0.000000 1496.916504 0.000000 0.973211 0.000000 0.229916 0.911722 0.911722 0.911722
8047.731934 0.000000 1515.692505 0.000000 0.933595 0.000000 0.358331 0.675756 0.675756 0.675756
8054.610352 0.000000 1518.506958 0.000000 0.999993 0.000000 -0.003634 1.000231 1.000231 1.000231
8063.578613 0.000000 1494.376221 0.000000 0.984894 0.000000 -0.173157 1.011079 1.011079 1.011079
8063.314453 0.000000 1497.478271 0.000000 0.951239 0.000000 -0.308455 1.019962 1.019962 1.019962
8030.725586 0.000000 1528.670654 0.000000 0.988398 0.000000 0.151886 0.511310 0.511310 0.511310
8030.348145 0.000000 1555.416504 0.000000 0.997826 0.000000 -0.065902 1.004199 1.004199 1.004199
8033.559570 0.000000 1544.355835 0.000000 0.935324 0.000000 -0.353791 1.023021 1.023021 1.023021
8032.818359 0.000000 1543.696411 0.000000 0.979059 0.000000 0.203579 0.986949 0.986949 0.986949
8103.465820 0.000000 1478.479492 0.000000 0.987047 0.000000 0.160432 0.471218 0.471218 0.471218
8076.251465 0.000000 1475.429810 0.000000 0.974710 0.000000 0.223475 0.461598 0.461598 0.461598
8077.188965 0.000000 1476.848389 0.000000 0.999158 0.000000 0.041039 0.748241 0.748241 0.748241
8110.908691 0.000000 1479.903198 0.000000 0.916891 0.000000 0.399137 0.973862 0.973862 0.973862
8064.049316 0.000000 1494.291260 0.000000 0.994527 0.000000 -0.104480 1.014189 1.014189 1.014189
8070.510254 0.000000 1485.194214 0.000000 0.939170 0.000000 -0.343453 1.022319 1.022319 1.022319
8100.323242 0.000000 1479.094482 0.000000 0.999540 0.000000 -0.030331 1.001931 1.001931 1.001931
8065.144043 0.000000 1494.047974 0.000000 0.985517 0.000000 0.169579 0.976900 0.976900 0.976900
8110.654785 0.000000 1478.621216 0.000000 0.946861 0.000000 -0.321644 1.020847 1.020847 1.020847
8073.038086 0.000000 1480.378296 0.000000 0.909205 0.000000 0.416349 0.972662 0.972662 0.972662
7809.626465 0.000000 1636.479858 0.000000 0.979595 0.000000 0.200983 0.722065 0.722065 0.722065
7927.533691 0.000000 1692.002441 0.000000 0.956743 0.000000 0.290933 0.741579 0.741579 0.741579
7935.565430 0.000000 1680.569092 0.000000 0.989301 0.000000 0.145890 0.990679 0.990679 0.990679
7789.942871 0.000000 1772.956543 0.000000 0.911346 0.000000 -0.411642 0.570064 0.570064 0.570064
7791.392090 0.000000 1772.295776 0.000000 0.966782 0.000000 -0.255603 1.033490 1.033490 1.033490
7791.249023 0.000000 1773.752930 0.000000 0.931835 0.000000 0.362881 0.951883 0.951883 0.951883
7790.372070 0.000000 1772.028931 0.000000 0.985773 0.000000 0.168085 0.978117 0.978117 0.978117
7870.970703 0.000000 1717.187256 0.000000 0.963674 0.000000 0.267080 0.453933 0.453933 0.453933
7874.026855 0.000000 1743.157471 0.000000 0.937873 0.000000 -0.346979 0.565685 0.565685 0.565685
7912.687988 0.000000 1717.031860 0.000000 0.959773 0.000000 0.280778 0.572489 0.572489 0.572489
7907.500488 0.000000 1722.115845 0.000000 0.938915 0.000000 -0.344149 1.022367 1.022367 1.022367
7903.121582 0.000000 1725.791504 0.000000 0.999928 0.000000 -0.012036 1.000838 1.000838 1.000838
7903.979004 0.000000 1723.599243 0.000000 0.972914 0.000000 -0.231168 1.014851 1.014851 1.014851
7902.965820 0.000000 1724.020508 0.000000 0.999548 0.000000 0.030068 0.997905 0.997905 0.997905
7913.991211 0.000000 1715.010132 0.000000 0.992965 0.000000 -0.118410 1.007556 1.007556 1.007556
7861.096191 0.000000 1776.084106 0.000000 0.990449 0.000000 -0.137877 1.008806 1.008806 1.008806
7858.304199 0.000000 1777.403442 0.000000 0.998366 0.000000 0.057139 0.995504 0.995504 0.995504
7860.598145 0.000000 1777.080933 0.000000 0.970164 0.000000 0.242451 0.984410 0.984410 0.984410
7886.220703 0.000000 1768.096558 0.000000 0.949750 0.000000 0.313009 0.433833 0.433833 0.433833
7908.759766 0.000000 1772.391846 0.000000 0.882022 0.000000 0.471208 0.410517 0.410517 0.410517
7907.595703 0.000000 1771.127563 0.000000 0.916301 0.000000 0.400491 0.727702 0.727702 0.727702
7885.735352 0.000000 1766.683716 0.000000 0.992838 0.000000 0.119471 0.898496 0.898496 0.898496
7890.397949 0.000000 1773.150757 0.000000 0.964350 0.000000 -0.264630 1.032696 1.032696 1.032696
7906.581543 0.000000 1770.195312 0.000000 0.938325 0.000000 -0.345754 0.851022 0.851022 0.851022
7893.918945 0.000000 1771.920654 0.000000 0.968318 0.000000 -0.249722 1.016068 1.016068 1.016068
7892.834473 0.000000 1773.912720 0.000000 0.993732 0.000000 0.111792 0.992868 0.992868 0.992868
7908.576660 0.000000 1771.431763 0.000000 0.992513 0.000000 -0.122137 1.008345 1.008345 1.008345
7936.352051 0.000000 1619.948242 0.000000 0.905556 0.000000 -0.424227 1.027891 1.027891 1.027891
7954.283691 0.000000 1639.179565 0.000000 0.984160 0.000000 0.177283 0.462424 0.462424 0.462424
7953.664551 0.000000 1644.702881 0.000000 0.997350 0.000000 0.072760 0.485573 0.485573 0.485573
7996.008301 0.000000 1680.324097 0.000000 0.980245 0.000000 -0.197788 0.531390 0.531390 0.531390
7993.129395 0.000000 1676.865479 0.000000 0.891361 0.000000 -0.453294 0.581570 0.581570 0.581570
7991.893555 0.000000 1681.551636 0.000000 0.925093 0.000000 -0.379742 0.572517 0.572517 0.572517
7952.985352 0.000000 1660.222656 0.000000 0.883067 0.000000 -0.469248 0.573713 0.573713 0.573713
7954.442383 0.000000 1653.063477 0.000000 0.926332 0.000000 0.376709 0.440842 0.440842 0.440842
7950.469238 0.000000 1656.705444 0.000000 0.950570 0.000000 -0.310511 0.561565 0.561565 0.561565
7986.908203 0.000000 1676.812744 0.000000 0.997225 0.000000 0.074441 0.994364 0.994364 0.994364
7990.904297 0.000000 1674.355103 0.000000 0.951782 0.000000 0.306775 0.980150 0.980150 0.980150
7995.962402 0.000000 1676.995239 0.000000 0.902832 0.000000 -0.429993 0.812395 0.812395 0.812395
7989.635254 0.000000 1676.569458 0.000000 0.977886 0.000000 0.209137 0.986587 0.986587 0.986587
7936.421387 0.000000 1681.570068 0.000000 0.928754 0.000000 -0.370697 1.024176 1.024176 1.024176
7956.600586 0.000000 1649.068848 0.000000 0.949513 0.000000 0.313728 0.979684 0.979684 0.979684
7986.478027 0.000000 1679.922607 0.000000 0.968281 0.000000 -0.249863 1.016077 1.016077 1.016077
7994.406250 0.000000 1677.127197 0.000000 0.965569 0.000000 -0.260147 0.782945 0.782945 0.782945
7987.748047 0.000000 1679.502197 0.000000 0.999640 0.000000 -0.026833 1.001708 1.001708 1.001708
7986.448730 0.000000 1681.271729 0.000000 0.914647 0.000000 -0.404254 0.748696 0.748696 0.748696
7955.389160 0.000000 1650.629761 0.000000 0.999598 0.000000 -0.028346 1.001805 1.001805 1.001805
7954.263672 0.000000 1650.133423 0.000000 0.934369 0.000000 0.356308 0.976807 0.976807 0.976807
7955.206055 0.000000 1646.878662 0.000000 0.972538 0.000000 -0.232744 1.014954 1.014954 1.014954
7984.827148 0.000000 1681.884766 0.000000 0.952663 0.000000 -0.304027 0.925565 0.925565 0.925565
7985.638184 0.000000 1679.135498 0.000000 0.884880 0.000000 -0.465820 1.034477 1.034477 1.034477
7940.485840 0.000000 1685.397217 0.000000 0.953894 0.000000 -0.300143 1.019407 1.019407 1.019407
7938.420898 0.000000 1681.763184 0.000000 0.926285 0.000000 0.376823 0.899178 0.899178 0.899178
7987.209473 0.000000 1677.757202 0.000000 0.990492 0.000000 0.137569 0.989560 0.989560 0.989560
7990.076172 0.000000 1677.422729 0.000000 0.994421 0.000000 0.105485 0.991531 0.991531 0.991531
7993.056152 0.000000 1674.450439 0.000000 0.987637 0.000000 0.156756 0.989979 0.989979 0.989979
8001.237793 0.000000 1674.368896 0.000000 0.941891 0.000000 0.335919 0.978191 0.978191 0.978191
7992.246582 0.000000 1697.388184 0.000000 0.943471 0.000000 0.331455 0.440916 0.440916 0.440916
7990.998047 0.000000 1711.833496 0.000000 0.904298 0.000000 -0.426902 1.011397 1.011397 1.011397
7945.264160 0.000000 1739.124512 0.000000 0.919348 0.000000 -0.393445 1.025743 1.025743 1.025743
7962.372559 0.000000 1747.388062 0.000000 0.999860 0.000000 -0.016733 0.806612 0.806612 0.806612
7967.082031 0.000000 1730.678955 0.000000 0.982248 0.000000 0.187588 0.987987 0.987987 0.987987
7948.104980 0.000000 1737.429932 0.000000 0.954015 0.000000 -0.299759 1.019381 1.019381 1.019381
7991.381348 0.000000 1708.558105 0.000000 0.940546 0.000000 -0.339667 1.036079 1.036079 1.036079
7947.080566 0.000000 1737.765137 0.000000 0.940587 0.000000 0.339552 0.977945 0.977945 0.977945
7967.107910 0.000000 1731.758057 0.000000 0.997478 0.000000 -0.070976 1.004522 1.004522 1.004522
4281.384766 0.000000 2315.626709 0.000000 0.929863 0.000000 -0.367907 0.570403 0.570403 0.570403
4298.618164 0.000000 2367.302734 0.000000 0.986713 0.000000 -0.162472 0.603813 0.603813 0.603813
4345.864746 0.000000 2344.450684 0.000000 0.947537 0.000000 0.319645 0.628739 0.628739 0.628739
4296.949219 0.000000 2364.794434 0.000000 0.899226 0.000000 -0.437485 1.058880 1.058880 1.058880
4298.944824 0.000000 2364.134033 0.000000 0.998634 0.000000 0.052243 0.993306 0.993306 0.993306
4223.825195 0.000000 2385.596436 0.000000 0.895978 0.000000 -0.444099 0.576340 0.576340 0.576340
4260.029297 0.000000 2390.896484 0.000000 0.991092 0.000000 0.133177 0.474839 0.474839 0.474839
4240.985352 0.000000 2394.519531 0.000000 0.993747 0.000000 -0.111651 0.518980 0.518980 0.518980
4242.397949 0.000000 2394.479004 0.000000 0.938952 0.000000 0.344049 0.692983 0.692983 0.692983
4337.687988 0.000000 2381.296387 0.000000 0.950434 0.000000 -0.310927 0.549846 0.549846 0.549846
4311.885254 0.000000 2398.123779 0.000000 0.975253 0.000000 -0.221094 0.539155 0.539155 0.539155
4341.177734 0.000000 2382.864258 0.000000 0.984235 0.000000 -0.176865 0.739653 0.739653 0.739653
4344.708984 0.000000 2392.787354 0.000000 0.870853 0.000000 0.491543 0.489187 0.489187 0.489187
4300.062012 0.000000 2393.649170 0.000000 0.998131 0.000000 -0.061105 0.666699 0.666699 0.666699
4295.699707 0.000000 2388.198730 0.000000 0.889043 0.000000 -0.457824 0.578535 0.578535 0.578535
4327.089844 0.000000 2387.656982 0.000000 0.991988 0.000000 -0.126334 0.853494 0.853494 0.853494
4301.642090 0.000000 2393.995361 0.000000 0.885580 0.000000 0.464487 0.579152 0.579152 0.579152
4300.917480 0.000000 2390.540771 0.000000 0.978774 0.000000 0.204942 0.974802 0.974802 0.974802
4325.802246 0.000000 2390.620605 0.000000 0.958001 0.000000 -0.286765 0.762924 0.762924 0.762924
4289.945801 0.000000 2388.647461 0.000000 0.967210 0.000000 -0.253976 1.016348 1.016348 1.016348
4313.036621 0.000000 2397.278564 0.000000 0.999991 0.000000 0.004221 0.563075 0.563075 0.563075
4325.085938 0.000000 2398.714600 0.000000 0.989734 0.000000 0.142920 0.870021 0.870021 0.870021
4329.821777 0.000000 2386.800781 0.000000 0.893300 0.000000 0.449461 0.970323 0.970323 0.970323
4296.323730 0.000000 2390.868164 0.000000 0.914331 0.000000 0.404968 0.953471 0.953471 0.953471
4327.297852 0.000000 2388.710693 0.000000 0.999966 0.000000 0.008203 0.998913 0.998913 0.998913
4328.732422 0.000000 2386.462158 0.000000 0.982095 0.000000 -0.188389 1.012065 1.012065 1.012065
7895.935547 0.000000 1957.523926 0.000000 0.985197 0.000000 -0.171428 0.532709 0.532709 0.532709
7897.172852 0.000000 1956.983521 0.000000 0.917414 0.000000 -0.397934 0.742617 0.742617 0.742617
7942.251953 0.000000 1846.640503 0.000000 0.997754 0.000000 -0.066988 1.004268 1.004268 1.004268
7943.351074 0.000000 1846.750977 0.000000 0.986909 0.000000 -0.161279 1.010312 1.010312 1.010312
"}
object={
	name="palm_dense_generator_2_2"
	clamp_to_water_level=no
	render_under_water=no
	generated_content=yes
	layer="semidynamic_medium"
	pdxmesh="tree_palm_03_mesh"
	count=319
	transform="895.976562 0.000000 728.427917 0.000000 0.667403 0.000000 -0.744697 0.658871 0.658871 0.658871
938.351624 0.000000 726.900879 0.000000 0.558059 0.000000 -0.829801 1.101894 1.101894 1.101894
896.743835 0.000000 728.733215 0.000000 0.155618 0.000000 -0.987817 1.090053 1.090053 1.090053
936.275818 0.000000 726.585083 0.000000 0.357854 0.000000 -0.933778 1.069463 1.069463 1.069463
939.550964 0.000000 727.519775 0.000000 0.307070 0.000000 -0.951687 1.131037 1.131037 1.131037
928.330139 0.000000 788.594299 0.000000 0.041922 0.000000 -0.999121 0.730730 0.730730 0.730730
946.516357 0.000000 750.328308 0.000000 0.356545 0.000000 -0.934278 0.814336 0.814336 0.814336
903.386658 0.000000 779.512451 0.000000 0.856595 0.000000 -0.515990 1.034515 1.034515 1.034515
947.413452 0.000000 753.847473 0.000000 0.361840 0.000000 -0.932240 1.076430 1.076430 1.076430
904.383362 0.000000 779.268005 0.000000 0.460007 0.000000 -0.887915 1.069569 1.069569 1.069569
986.285767 0.000000 740.102112 0.000000 0.826309 0.000000 -0.563217 1.074942 1.074942 1.074942
902.474854 0.000000 805.371887 0.000000 0.664787 0.000000 -0.747033 0.655111 0.655111 0.655111
939.072021 0.000000 801.359741 0.000000 0.373396 0.000000 -0.927672 0.752306 0.752306 0.752306
896.523315 0.000000 792.437317 0.000000 0.739782 0.000000 -0.672847 1.028649 1.028649 1.028649
897.375488 0.000000 793.173218 0.000000 0.629692 0.000000 -0.776845 1.051650 1.051650 1.051650
993.641785 0.000000 808.859863 0.000000 0.789846 0.000000 -0.613305 0.606069 0.606069 0.606069
990.394470 0.000000 808.827576 0.000000 0.841167 0.000000 -0.540776 0.738711 0.738711 0.738711
1137.393677 0.000000 645.158691 0.000000 0.834760 0.000000 -0.550615 0.935559 0.935559 0.935559
1026.009399 0.000000 698.861267 0.000000 0.618962 0.000000 -0.785421 1.105513 1.105513 1.105513
1029.319580 0.000000 697.780945 0.000000 0.482447 0.000000 -0.875925 1.067950 1.067950 1.067950
1027.154541 0.000000 698.564453 0.000000 0.718967 0.000000 -0.695044 1.086097 1.086097 1.086097
2719.758545 0.000000 1216.331543 0.000000 0.746891 0.000000 -0.664947 0.659903 0.659903 0.659903
2721.099609 0.000000 1220.121582 0.000000 0.120590 0.000000 -0.992702 0.794831 0.794831 0.794831
2669.375000 0.000000 1267.577881 0.000000 0.133091 0.000000 -0.991104 0.804109 0.804109 0.804109
2676.014648 0.000000 1251.499512 0.000000 0.100181 0.000000 -0.994969 0.805614 0.805614 0.805614
8061.611816 0.000000 660.087769 0.000000 0.258078 0.000000 -0.966124 0.754561 0.754561 0.754561
8058.631836 0.000000 656.464539 0.000000 0.608018 0.000000 -0.793923 0.675522 0.675522 0.675522
8063.697754 0.000000 666.052246 0.000000 0.108360 0.000000 -0.994112 0.766670 0.766670 0.766670
8062.994629 0.000000 668.951904 0.000000 0.208544 0.000000 -0.978013 0.756310 0.756310 0.756310
8063.163574 0.000000 654.002686 0.000000 0.677052 0.000000 -0.735936 0.647734 0.647734 0.647734
8063.374512 0.000000 661.423645 0.000000 0.334582 0.000000 -0.942367 0.703070 0.703070 0.703070
8050.216309 0.000000 665.872925 0.000000 0.106672 0.000000 -0.994294 0.749406 0.749406 0.749406
8062.854492 0.000000 647.911560 0.000000 0.166477 0.000000 -0.986045 0.748609 0.748609 0.748609
8057.007324 0.000000 666.988647 0.000000 0.827060 0.000000 -0.562114 0.603948 0.603948 0.603948
8052.072754 0.000000 669.831299 0.000000 0.227752 0.000000 -0.973719 0.719490 0.719490 0.719490
8054.588867 0.000000 674.511292 0.000000 0.712525 0.000000 -0.701647 0.909945 0.909945 0.909945
8058.250000 0.000000 654.820068 0.000000 0.566486 0.000000 -0.824071 0.662131 0.662131 0.662131
8059.964844 0.000000 672.629944 0.000000 0.184617 0.000000 -0.982810 0.712148 0.712148 0.712148
8050.861328 0.000000 676.845581 0.000000 0.121095 0.000000 -0.992641 0.726338 0.726338 0.726338
8056.427734 0.000000 673.199097 0.000000 0.768618 0.000000 -0.639708 0.980962 0.980962 0.980962
8049.044434 0.000000 670.408447 0.000000 0.819162 0.000000 -0.573562 0.785176 0.785176 0.785176
8050.249023 0.000000 671.008179 0.000000 0.304870 0.000000 -0.952394 0.949875 0.949875 0.949875
8061.145996 0.000000 663.007385 0.000000 0.860099 0.000000 -0.510126 0.802632 0.802632 0.802632
8044.614746 0.000000 670.584717 0.000000 0.525953 0.000000 -0.850514 1.138348 1.138348 1.138348
8047.887207 0.000000 671.117798 0.000000 0.792374 0.000000 -0.610035 0.875878 0.875878 0.875878
8044.898438 0.000000 677.188965 0.000000 0.237687 0.000000 -0.971342 1.084722 1.084722 1.084722
8046.873535 0.000000 670.429504 0.000000 0.651347 0.000000 -0.758780 0.909136 0.909136 0.909136
8045.710938 0.000000 672.527344 0.000000 0.733808 0.000000 -0.679357 1.091181 1.091181 1.091181
8043.627441 0.000000 672.511597 0.000000 0.382322 0.000000 -0.924029 1.124453 1.124453 1.124453
8063.312988 0.000000 662.603088 0.000000 0.099919 0.000000 -0.994996 1.147923 1.147923 1.147923
8061.398438 0.000000 664.141052 0.000000 0.766377 0.000000 -0.642391 1.008938 1.008938 1.008938
8080.905273 0.000000 618.743164 0.000000 0.123200 0.000000 -0.992382 0.841892 0.841892 0.841892
8091.932617 0.000000 641.597778 0.000000 0.795347 0.000000 -0.606154 0.631933 0.631933 0.631933
8065.118652 0.000000 666.058228 0.000000 0.381158 0.000000 -0.924510 0.676276 0.676276 0.676276
8066.026855 0.000000 669.954346 0.000000 0.106429 0.000000 -0.994320 0.758251 0.758251 0.758251
8070.028809 0.000000 644.257751 0.000000 0.010786 0.000000 -0.999942 0.764641 0.764641 0.764641
8083.935547 0.000000 631.086548 0.000000 0.839800 0.000000 -0.542896 0.594775 0.594775 0.594775
8077.322266 0.000000 625.924866 0.000000 0.476040 0.000000 -0.879424 0.766992 0.766992 0.766992
8085.272461 0.000000 629.697693 0.000000 0.144437 0.000000 -0.989514 0.822207 0.822207 0.822207
8095.169922 0.000000 634.565735 0.000000 0.369678 0.000000 -0.929160 1.049932 1.049932 1.049932
8040.015625 0.000000 685.441101 0.000000 0.501588 0.000000 -0.865107 0.712568 0.712568 0.712568
8057.460938 0.000000 677.915771 0.000000 0.164813 0.000000 -0.986325 0.739436 0.739436 0.739436
8036.560547 0.000000 691.868286 0.000000 0.807645 0.000000 -0.589668 0.597064 0.597064 0.597064
8055.848633 0.000000 677.875610 0.000000 0.469744 0.000000 -0.882803 0.665691 0.665691 0.665691
8037.508789 0.000000 693.200806 0.000000 0.393592 0.000000 -0.919285 1.023479 1.023479 1.023479
8037.106445 0.000000 690.410461 0.000000 0.135081 0.000000 -0.990835 0.720910 0.720910 0.720910
7866.520996 0.000000 1014.146973 0.000000 0.078832 0.000000 -0.996888 0.782308 0.782308 0.782308
7868.675293 0.000000 1014.821289 0.000000 0.199522 0.000000 -0.979893 1.087212 1.087212 1.087212
7895.371094 0.000000 1003.248291 0.000000 0.304868 0.000000 -0.952394 0.764916 0.764916 0.764916
7894.604004 0.000000 998.764038 0.000000 0.572890 0.000000 -0.819633 0.695589 0.695589 0.695589
7883.557617 0.000000 1000.182129 0.000000 0.079993 0.000000 -0.996795 0.729440 0.729440 0.729440
7926.588867 0.000000 1013.417542 0.000000 0.746364 0.000000 -0.665538 0.610990 0.610990 0.610990
7885.340332 0.000000 1000.461182 0.000000 0.423277 0.000000 -0.906000 0.668552 0.668552 0.668552
7925.188965 0.000000 1014.647095 0.000000 0.650820 0.000000 -0.759232 0.825861 0.825861 0.825861
7891.070801 0.000000 1003.602173 0.000000 0.104883 0.000000 -0.994485 0.735472 0.735472 0.735472
7887.354980 0.000000 1006.456482 0.000000 0.733550 0.000000 -0.679636 1.025560 1.025560 1.025560
7904.608398 0.000000 991.765686 0.000000 0.861578 0.000000 -0.507625 0.686853 0.686853 0.686853
7881.995605 0.000000 1009.075378 0.000000 0.507738 0.000000 -0.861512 0.755950 0.755950 0.755950
7883.583008 0.000000 1007.179199 0.000000 0.798814 0.000000 -0.601578 1.061397 1.061397 1.061397
7879.386719 0.000000 1005.449951 0.000000 0.825987 0.000000 -0.563689 0.890640 0.890640 0.890640
7893.230957 0.000000 998.746826 0.000000 0.030411 0.000000 -0.999537 1.185799 1.185799 1.185799
7903.786621 0.000000 993.955750 0.000000 0.382633 0.000000 -0.923900 0.851544 0.851544 0.851544
7924.601074 0.000000 1011.171936 0.000000 0.692169 0.000000 -0.721735 1.071863 1.071863 1.071863
7905.315918 0.000000 992.927429 0.000000 0.420846 0.000000 -0.907132 0.849945 0.849945 0.849945
7902.521973 0.000000 993.680115 0.000000 0.861904 0.000000 -0.507072 0.747426 0.747426 0.747426
7924.147949 0.000000 1015.396606 0.000000 0.622260 0.000000 -0.782811 0.831858 0.831858 0.831858
7900.046387 0.000000 993.548523 0.000000 0.524074 0.000000 -0.851673 0.990948 0.990948 0.990948
7922.290039 0.000000 1014.000488 0.000000 0.856668 0.000000 -0.515868 1.058001 1.058001 1.058001
7876.485840 0.000000 1007.584717 0.000000 0.177579 0.000000 -0.984107 1.186654 1.186654 1.186654
7898.429199 0.000000 994.722168 0.000000 0.121726 0.000000 -0.992564 1.142145 1.142145 1.142145
7907.876465 0.000000 988.740479 0.000000 0.737267 0.000000 -0.675601 1.078335 1.078335 1.078335
7881.775879 0.000000 1006.475159 0.000000 0.783747 0.000000 -0.621080 1.042661 1.042661 1.042661
7862.385254 0.000000 1020.627808 0.000000 0.254687 0.000000 -0.967023 0.736554 0.736554 0.736554
7849.262207 0.000000 1030.056396 0.000000 0.706247 0.000000 -0.707965 0.737289 0.737289 0.737289
7852.442383 0.000000 1023.231506 0.000000 0.820727 0.000000 -0.571320 0.779749 0.779749 0.779749
7853.674805 0.000000 1029.722168 0.000000 0.063835 0.000000 -0.997961 0.845895 0.845895 0.845895
7845.265137 0.000000 1036.382324 0.000000 0.047444 0.000000 -0.998874 0.953127 0.953127 0.953127
7843.595703 0.000000 1036.830688 0.000000 0.523502 0.000000 -0.852025 0.881324 0.881324 0.881324
7861.071289 0.000000 1021.460022 0.000000 0.198166 0.000000 -0.980168 1.015147 1.015147 1.015147
7865.144531 0.000000 1018.334045 0.000000 0.783143 0.000000 -0.621842 1.048755 1.048755 1.048755
7847.388184 0.000000 1034.779541 0.000000 0.675699 0.000000 -0.737178 1.052768 1.052768 1.052768
7847.789551 0.000000 1030.656128 0.000000 0.441846 0.000000 -0.897091 1.072657 1.072657 1.072657
7854.908691 0.000000 1028.028198 0.000000 0.166151 0.000000 -0.986100 1.175592 1.175592 1.175592
7852.311035 0.000000 1030.307983 0.000000 0.794838 0.000000 -0.606822 1.041511 1.041511 1.041511
7843.032227 0.000000 1034.354858 0.000000 0.489892 0.000000 -0.871783 1.067407 1.067407 1.067407
7854.601562 0.000000 1023.821289 0.000000 0.651519 0.000000 -0.758632 1.054826 1.054826 1.054826
7861.339355 0.000000 1025.039307 0.000000 0.431381 0.000000 -0.902170 1.071605 1.071605 1.071605
7849.507324 0.000000 1035.838745 0.000000 0.836557 0.000000 -0.547880 1.048204 1.048204 1.048204
7860.064941 0.000000 1024.579346 0.000000 0.563484 0.000000 -0.826127 1.061892 1.061892 1.061892
7903.632324 0.000000 1027.387573 0.000000 0.324603 0.000000 -0.945850 0.694598 0.694598 0.694598
7907.032227 0.000000 1034.354858 0.000000 0.646024 0.000000 -0.763317 1.012711 1.012711 1.012711
7904.387695 0.000000 1026.012207 0.000000 0.811910 0.000000 -0.583783 1.039686 1.039686 1.039686
7904.728027 0.000000 1027.927490 0.000000 0.310239 0.000000 -0.950658 1.079918 1.079918 1.079918
7907.665039 0.000000 1026.299683 0.000000 0.358478 0.000000 -0.933538 1.076659 1.076659 1.076659
7906.215820 0.000000 1027.511841 0.000000 0.733254 0.000000 -0.679955 1.047600 1.047600 1.047600
7928.427734 0.000000 1125.074097 0.000000 0.312403 0.000000 -0.949950 0.805795 0.805795 0.805795
7953.493164 0.000000 1060.691528 0.000000 0.642969 0.000000 -0.765892 0.708816 0.708816 0.708816
7955.070801 0.000000 1060.086548 0.000000 0.526370 0.000000 -0.850256 0.657970 0.657970 0.657970
8157.034668 0.000000 1070.202515 0.000000 0.145207 0.000000 -0.989401 0.870393 0.870393 0.870393
8172.662598 0.000000 1123.783325 0.000000 0.206535 0.000000 -0.978439 0.796502 0.796502 0.796502
8151.105957 0.000000 1094.439819 0.000000 0.842693 0.000000 -0.538395 0.603259 0.603259 0.603259
8149.422363 0.000000 1097.557983 0.000000 0.378001 0.000000 -0.925805 0.706029 0.706029 0.706029
8166.819824 0.000000 1125.454834 0.000000 0.450308 0.000000 -0.892873 0.677310 0.677310 0.677310
8168.756348 0.000000 1078.669678 0.000000 0.584520 0.000000 -0.811380 0.671200 0.671200 0.671200
8183.432129 0.000000 1122.286865 0.000000 0.791048 0.000000 -0.611754 0.606247 0.606247 0.606247
8152.422363 0.000000 1102.903320 0.000000 0.292956 0.000000 -0.956126 0.882293 0.882293 0.882293
8153.034668 0.000000 1105.149658 0.000000 0.023277 0.000000 -0.999729 0.868600 0.868600 0.868600
8154.869141 0.000000 1094.651978 0.000000 0.572335 0.000000 -0.820020 0.711891 0.711891 0.711891
8148.841797 0.000000 1107.769287 0.000000 0.493277 0.000000 -0.869872 0.877105 0.877105 0.877105
8145.267090 0.000000 1103.836914 0.000000 0.252535 0.000000 -0.967588 1.051645 1.051645 1.051645
8142.035156 0.000000 1099.202759 0.000000 0.584769 0.000000 -0.811200 1.105592 1.105592 1.105592
8143.217285 0.000000 1105.351685 0.000000 0.180057 0.000000 -0.983656 1.088474 1.088474 1.088474
8153.742188 0.000000 1102.254395 0.000000 0.140150 0.000000 -0.990130 0.907620 0.907620 0.907620
8140.996094 0.000000 1103.035034 0.000000 0.177022 0.000000 -0.984207 1.186730 1.186730 1.186730
8151.838867 0.000000 1104.226807 0.000000 0.012474 0.000000 -0.999922 1.099206 1.099206 1.099206
8150.292480 0.000000 1104.623657 0.000000 0.465632 0.000000 -0.884979 1.069165 1.069165 1.069165
8166.014160 0.000000 1104.031738 0.000000 0.451860 0.000000 -0.892089 0.728087 0.728087 0.728087
8152.470703 0.000000 1095.951050 0.000000 0.167522 0.000000 -0.985868 1.089285 1.089285 1.089285
8161.739258 0.000000 1075.727173 0.000000 0.644253 0.000000 -0.764812 0.862040 0.862040 0.862040
8182.252441 0.000000 1075.757690 0.000000 0.209837 0.000000 -0.977736 1.067438 1.067438 1.067438
8147.693848 0.000000 1102.538818 0.000000 0.840164 0.000000 -0.542333 0.843054 0.843054 0.843054
8140.904785 0.000000 1100.685547 0.000000 0.041952 0.000000 -0.999120 1.097328 1.097328 1.097328
8145.977051 0.000000 1102.672363 0.000000 0.335607 0.000000 -0.942002 1.037864 1.037864 1.037864
8145.357910 0.000000 1106.618774 0.000000 0.086783 0.000000 -0.996227 1.101137 1.101137 1.101137
8157.995605 0.000000 1097.769287 0.000000 0.664065 0.000000 -0.747675 1.053766 1.053766 1.053766
8156.419922 0.000000 1104.745972 0.000000 0.756579 0.000000 -0.653902 1.045374 1.045374 1.045374
8149.918945 0.000000 1094.108154 0.000000 0.588002 0.000000 -0.808859 1.059983 1.059983 1.059983
8167.150391 0.000000 1126.582275 0.000000 0.693730 0.000000 -0.720235 1.020782 1.020782 1.020782
8142.050293 0.000000 1105.356201 0.000000 0.303106 0.000000 -0.952957 1.080395 1.080395 1.080395
8139.572266 0.000000 1098.781982 0.000000 0.469860 0.000000 -0.882741 1.128810 1.128810 1.128810
8138.056641 0.000000 1096.850342 0.000000 0.724288 0.000000 -0.689498 1.048434 1.048434 1.048434
8147.823730 0.000000 1107.467651 0.000000 0.100336 0.000000 -0.994954 1.093602 1.093602 1.093602
8139.538086 0.000000 1096.548096 0.000000 0.838814 0.000000 -0.544418 1.036650 1.036650 1.036650
8148.380859 0.000000 1095.006226 0.000000 0.832336 0.000000 -0.554271 1.037401 1.037401 1.037401
8144.272461 0.000000 1107.758545 0.000000 0.864179 0.000000 -0.503184 1.035937 1.035937 1.035937
8139.583496 0.000000 1099.789551 0.000000 0.843172 0.000000 -0.537644 1.067598 1.067598 1.067598
8148.853027 0.000000 1094.119507 0.000000 0.449975 0.000000 -0.893041 1.070287 1.070287 1.070287
8156.289062 0.000000 1097.406860 0.000000 0.074020 0.000000 -0.997257 1.095283 1.095283 1.095283
8159.024902 0.000000 1097.823486 0.000000 0.063208 0.000000 -0.998000 1.095973 1.095973 1.095973
8158.393066 0.000000 1123.044556 0.000000 0.377193 0.000000 -0.926135 1.075378 1.075378 1.075378
7901.530273 0.000000 1156.979858 0.000000 0.719084 0.000000 -0.694923 0.648751 0.648751 0.648751
7890.230469 0.000000 1167.723022 0.000000 0.688002 0.000000 -0.725708 0.664520 0.664520 0.664520
7901.422852 0.000000 1168.239380 0.000000 0.852686 0.000000 -0.522423 0.597778 0.597778 0.597778
7896.795410 0.000000 1157.599731 0.000000 0.280928 0.000000 -0.959729 0.740317 0.740317 0.740317
7910.824707 0.000000 1134.925415 0.000000 0.752319 0.000000 -0.658800 0.639247 0.639247 0.639247
7899.190918 0.000000 1157.996948 0.000000 0.633799 0.000000 -0.773498 0.653332 0.653332 0.653332
7917.143066 0.000000 1129.989868 0.000000 0.372085 0.000000 -0.928198 0.709813 0.709813 0.709813
7894.981445 0.000000 1157.912109 0.000000 0.462674 0.000000 -0.886528 0.682423 0.682423 0.682423
7896.422363 0.000000 1159.387695 0.000000 0.379031 0.000000 -0.925384 0.877658 0.877658 0.877658
7917.431152 0.000000 1133.739136 0.000000 0.502056 0.000000 -0.864835 0.746296 0.746296 0.746296
7900.743164 0.000000 1158.300537 0.000000 0.856495 0.000000 -0.516155 1.034527 1.034527 1.034527
7892.958984 0.000000 1155.357300 0.000000 0.592258 0.000000 -0.805749 0.935668 0.935668 0.935668
7899.792969 0.000000 1159.128296 0.000000 0.594365 0.000000 -0.804195 0.911336 0.911336 0.911336
7900.419922 0.000000 1161.230347 0.000000 0.583535 0.000000 -0.812088 1.020572 1.020572 1.020572
7895.987793 0.000000 1158.325928 0.000000 0.692332 0.000000 -0.721579 1.051317 1.051317 1.051317
7753.278320 0.000000 1292.739868 0.000000 0.580329 0.000000 -0.814382 0.689238 0.689238 0.689238
7756.970703 0.000000 1289.642090 0.000000 0.722925 0.000000 -0.690927 0.950063 0.950063 0.950063
7783.989746 0.000000 1268.560181 0.000000 0.468774 0.000000 -0.883318 0.871655 0.871655 0.871655
7779.500488 0.000000 1270.240845 0.000000 0.732160 0.000000 -0.681132 1.048825 1.048825 1.048825
7757.681641 0.000000 1288.325195 0.000000 0.849900 0.000000 -0.526944 0.916932 0.916932 0.916932
7753.995605 0.000000 1291.497192 0.000000 0.460393 0.000000 -0.887715 1.069542 1.069542 1.069542
7785.922852 0.000000 1267.808228 0.000000 0.720666 0.000000 -0.693283 1.081403 1.081403 1.081403
7775.182129 0.000000 1290.155396 0.000000 0.845552 0.000000 -0.533894 0.955850 0.955850 0.955850
7791.249023 0.000000 1265.393555 0.000000 0.724628 0.000000 -0.689141 1.048402 1.048402 1.048402
7747.040527 0.000000 1290.701782 0.000000 0.743324 0.000000 -0.668932 1.046650 1.046650 1.046650
7748.485840 0.000000 1290.006592 0.000000 0.762791 0.000000 -0.646645 1.044766 1.044766 1.044766
7754.690430 0.000000 1289.018066 0.000000 0.267556 0.000000 -0.963542 1.123648 1.123648 1.123648
7759.808594 0.000000 1286.827637 0.000000 0.699955 0.000000 -0.714187 1.050641 1.050641 1.050641
7753.360840 0.000000 1290.665894 0.000000 0.085486 0.000000 -0.996339 1.094551 1.094551 1.094551
7752.217285 0.000000 1289.269531 0.000000 0.473096 0.000000 -0.881011 1.068627 1.068627 1.068627
7745.178711 0.000000 1291.695679 0.000000 0.300133 0.000000 -0.953897 1.080594 1.080594 1.080594
7747.990234 0.000000 1292.540283 0.000000 0.188420 0.000000 -0.982089 1.087933 1.087933 1.087933
7744.969238 0.000000 1288.741089 0.000000 0.556201 0.000000 -0.831048 1.062452 1.062452 1.062452
7762.190430 0.000000 1308.662842 0.000000 0.618163 0.000000 -0.786050 0.685935 0.685935 0.685935
7748.602051 0.000000 1301.746460 0.000000 0.455330 0.000000 -0.890323 0.702722 0.702722 0.702722
7758.222168 0.000000 1322.291382 0.000000 0.145944 0.000000 -0.989293 1.068896 1.068896 1.068896
7765.555664 0.000000 1303.225708 0.000000 0.061919 0.000000 -0.998081 0.945756 0.945756 0.945756
7759.446289 0.000000 1315.158691 0.000000 0.650334 0.000000 -0.759648 1.054926 1.054926 1.054926
7765.272461 0.000000 1307.510132 0.000000 0.046026 0.000000 -0.998940 1.097069 1.097069 1.097069
7759.028809 0.000000 1312.246460 0.000000 0.613127 0.000000 -0.789984 0.883259 0.883259 0.883259
7763.737305 0.000000 1305.622314 0.000000 0.824101 0.000000 -0.566442 1.060887 1.060887 1.060887
7766.163574 0.000000 1302.105957 0.000000 0.598537 0.000000 -0.801095 0.962651 0.962651 0.962651
7767.045898 0.000000 1300.774536 0.000000 0.762252 0.000000 -0.647280 1.081195 1.081195 1.081195
7764.295898 0.000000 1307.870605 0.000000 0.685945 0.000000 -0.727653 1.051878 1.051878 1.051878
7760.719727 0.000000 1306.222656 0.000000 0.694730 0.000000 -0.719270 1.051105 1.051105 1.051105
7758.073242 0.000000 1318.694702 0.000000 0.634777 0.000000 -0.772696 1.056218 1.056218 1.056218
7761.859375 0.000000 1315.023071 0.000000 0.000991 0.000000 -1.000000 1.099937 1.099937 1.099937
8173.143066 0.000000 1129.989868 0.000000 0.230276 0.000000 -0.973125 0.701788 0.701788 0.701788
8171.903809 0.000000 1129.794922 0.000000 0.206193 0.000000 -0.978511 1.183281 1.183281 1.183281
8187.539551 0.000000 1295.190918 0.000000 0.452497 0.000000 -0.891766 1.142137 1.142137 1.142137
8156.743164 0.000000 1327.753662 0.000000 0.555380 0.000000 -0.831597 1.063985 1.063985 1.063985
8172.311035 0.000000 1312.729858 0.000000 0.435227 0.000000 -0.900321 1.071334 1.071334 1.071334
8128.126465 0.000000 1344.823486 0.000000 0.768318 0.000000 -0.640069 1.054623 1.054623 1.054623
8171.277832 0.000000 1312.153198 0.000000 0.027354 0.000000 -0.999626 1.052049 1.052049 1.052049
8171.132812 0.000000 1314.507690 0.000000 0.173538 0.000000 -0.984827 1.088896 1.088896 1.088896
8173.207031 0.000000 1312.942627 0.000000 0.581273 0.000000 -0.813709 1.060511 1.060511 1.060511
7897.034668 0.000000 1500.540283 0.000000 0.770420 0.000000 -0.637537 0.867078 0.867078 0.867078
7895.838867 0.000000 1499.617432 0.000000 0.811303 0.000000 -0.584626 1.065363 1.065363 1.065363
7893.353516 0.000000 1504.483521 0.000000 0.489079 0.000000 -0.872240 0.764651 0.764651 0.764651
7897.172852 0.000000 1505.108521 0.000000 0.416866 0.000000 -0.908968 1.063890 1.063890 1.063890
7899.559082 0.000000 1504.483032 0.000000 0.065768 0.000000 -0.997835 0.955144 0.955144 0.955144
8106.712402 0.000000 1376.843384 0.000000 0.559651 0.000000 -0.828728 1.120716 1.120716 1.120716
8110.421387 0.000000 1364.672119 0.000000 0.852937 0.000000 -0.522014 1.044836 1.044836 1.044836
8105.991211 0.000000 1376.103882 0.000000 0.492867 0.000000 -0.870104 1.067190 1.067190 1.067190
8091.159668 0.000000 1466.237915 0.000000 0.486585 0.000000 -0.873633 0.858322 0.858322 0.858322
8088.628906 0.000000 1466.485840 0.000000 0.463812 0.000000 -0.885934 1.069296 1.069296 1.069296
8053.449707 0.000000 1518.485229 0.000000 0.012505 0.000000 -0.999922 0.728169 0.728169 0.728169
8047.816406 0.000000 1514.382080 0.000000 0.453138 0.000000 -0.891441 0.914083 0.914083 0.914083
8062.499512 0.000000 1497.982300 0.000000 0.660238 0.000000 -0.751056 1.054091 1.054091 1.054091
8058.872070 0.000000 1496.724487 0.000000 0.827259 0.000000 -0.561821 1.034429 1.034429 1.034429
8062.353027 0.000000 1496.057983 0.000000 0.707326 0.000000 -0.706888 1.049980 1.049980 1.049980
8030.608887 0.000000 1530.617798 0.000000 0.773731 0.000000 -0.633514 0.629748 0.629748 0.629748
8032.801270 0.000000 1553.393311 0.000000 0.018561 0.000000 -0.999828 0.745082 0.745082 0.745082
8032.131348 0.000000 1530.197510 0.000000 0.642075 0.000000 -0.766642 0.990785 0.990785 0.990785
8031.979004 0.000000 1554.146118 0.000000 0.191883 0.000000 -0.981418 1.087708 1.087708 1.087708
8032.682129 0.000000 1542.492432 0.000000 0.320204 0.000000 -0.947349 1.079250 1.079250 1.079250
8029.536133 0.000000 1555.873291 0.000000 0.140754 0.000000 -0.990045 1.091009 1.091009 1.091009
8064.144043 0.000000 1496.994019 0.000000 0.031990 0.000000 -0.999488 0.783769 0.783769 0.783769
8091.120117 0.000000 1470.542358 0.000000 0.783390 0.000000 -0.621530 0.598205 0.598205 0.598205
8074.015137 0.000000 1478.796265 0.000000 0.214182 0.000000 -0.976794 1.189768 1.189768 1.189768
8079.058105 0.000000 1474.320190 0.000000 0.688828 0.000000 -0.724925 1.051625 1.051625 1.051625
7934.208984 0.000000 1618.223145 0.000000 0.848694 0.000000 -0.528884 0.675395 0.675395 0.675395
7926.238281 0.000000 1690.335083 0.000000 0.773262 0.000000 -0.634087 1.045782 1.045782 1.045782
7927.702637 0.000000 1691.049438 0.000000 0.166765 0.000000 -0.985997 1.093538 1.093538 1.093538
7759.799805 0.000000 1737.595093 0.000000 0.816915 0.000000 -0.576758 0.810601 0.810601 0.810601
7758.365723 0.000000 1737.528564 0.000000 0.322545 0.000000 -0.946554 0.912506 0.912506 0.912506
7866.562012 0.000000 1720.488770 0.000000 0.854529 0.000000 -0.519403 1.056858 1.056858 1.056858
7875.510742 0.000000 1741.459229 0.000000 0.094235 0.000000 -0.995550 0.790269 0.790269 0.790269
7877.572266 0.000000 1741.462036 0.000000 0.263162 0.000000 -0.964752 0.722273 0.722273 0.722273
7876.166992 0.000000 1743.295776 0.000000 0.649225 0.000000 -0.760596 0.627837 0.627837 0.627837
7911.989746 0.000000 1720.435181 0.000000 0.119726 0.000000 -0.992807 0.720033 0.720033 0.720033
7900.743164 0.000000 1723.144287 0.000000 0.333244 0.000000 -0.942840 0.742379 0.742379 0.742379
7902.348145 0.000000 1724.869629 0.000000 0.287952 0.000000 -0.957645 1.089067 1.089067 1.089067
7913.922852 0.000000 1719.683228 0.000000 0.335819 0.000000 -0.941926 1.077441 1.077441 1.077441
7881.525391 0.000000 1716.578979 0.000000 0.646808 0.000000 -0.762653 1.070190 1.070190 1.070190
7904.901855 0.000000 1701.414917 0.000000 0.080452 0.000000 -0.996759 1.088088 1.088088 1.088088
7911.486328 0.000000 1723.518433 0.000000 0.120890 0.000000 -0.992666 1.092285 1.092285 1.092285
7905.560059 0.000000 1723.537720 0.000000 0.422342 0.000000 -0.906437 1.072242 1.072242 1.072242
7909.324707 0.000000 1724.705322 0.000000 0.696203 0.000000 -0.717845 1.050974 1.050974 1.050974
7905.437500 0.000000 1722.038452 0.000000 0.300286 0.000000 -0.953849 1.080584 1.080584 1.080584
7904.645508 0.000000 1725.106567 0.000000 0.522997 0.000000 -0.852334 1.069548 1.069548 1.069548
7865.728516 0.000000 1776.410278 0.000000 0.449695 0.000000 -0.893182 0.695374 0.695374 0.695374
7891.301758 0.000000 1770.584473 0.000000 0.811106 0.000000 -0.584899 1.051939 1.051939 1.051939
7894.709473 0.000000 1770.977661 0.000000 0.029751 0.000000 -0.999557 1.138274 1.138274 1.138274
7906.956543 0.000000 1772.245728 0.000000 0.489142 0.000000 -0.872204 1.081750 1.081750 1.081750
7892.380859 0.000000 1772.818726 0.000000 0.618126 0.000000 -0.786079 1.057578 1.057578 1.057578
8028.237305 0.000000 1585.537842 0.000000 0.130752 0.000000 -0.991415 1.175756 1.175756 1.175756
8027.759277 0.000000 1584.284668 0.000000 0.070342 0.000000 -0.997523 1.095518 1.095518 1.095518
7951.197266 0.000000 1649.679688 0.000000 0.768099 0.000000 -0.640331 0.629859 0.629859 0.629859
7952.098633 0.000000 1647.806396 0.000000 0.538082 0.000000 -0.842892 0.673842 0.673842 0.673842
7952.278320 0.000000 1658.766113 0.000000 0.430464 0.000000 -0.902608 1.026086 1.026086 1.026086
7990.203613 0.000000 1678.377319 0.000000 0.491661 0.000000 -0.870787 0.921559 0.921559 0.921559
7994.590332 0.000000 1680.601318 0.000000 0.567446 0.000000 -0.823410 1.041477 1.041477 1.041477
7990.834961 0.000000 1675.721436 0.000000 0.106626 0.000000 -0.994299 1.093199 1.093199 1.093199
7995.628418 0.000000 1681.722412 0.000000 0.738754 0.000000 -0.673975 1.006312 1.006312 1.006312
7938.857910 0.000000 1680.390381 0.000000 0.770632 0.000000 -0.637280 1.057291 1.057291 1.057291
7992.008301 0.000000 1680.296265 0.000000 0.163526 0.000000 -0.986539 1.109259 1.109259 1.109259
7937.867188 0.000000 1683.418823 0.000000 0.044834 0.000000 -0.998994 1.097145 1.097145 1.097145
7937.426270 0.000000 1681.890259 0.000000 0.434115 0.000000 -0.900857 1.071412 1.071412 1.071412
7936.844727 0.000000 1680.648315 0.000000 0.797062 0.000000 -0.603897 1.041277 1.041277 1.041277
8010.618164 0.000000 1651.591309 0.000000 0.820016 0.000000 -0.572341 0.610433 0.610433 0.610433
8012.289551 0.000000 1651.494263 0.000000 0.752701 0.000000 -0.658363 1.012162 1.012162 1.012162
8005.597656 0.000000 1651.514526 0.000000 0.449114 0.000000 -0.893474 1.070348 1.070348 1.070348
8005.854492 0.000000 1672.800049 0.000000 0.030609 0.000000 -0.999531 1.037753 1.037753 1.037753
8000.098633 0.000000 1674.109497 0.000000 0.629640 0.000000 -0.776887 1.056641 1.056641 1.056641
8002.176270 0.000000 1675.980103 0.000000 0.398493 0.000000 -0.917172 1.073907 1.073907 1.073907
8008.409180 0.000000 1652.866333 0.000000 0.582743 0.000000 -0.812656 1.060396 1.060396 1.060396
8007.536621 0.000000 1652.288086 0.000000 0.734475 0.000000 -0.678636 1.047486 1.047486 1.047486
8003.727539 0.000000 1672.389771 0.000000 0.513739 0.000000 -0.857947 1.065652 1.065652 1.065652
7965.418457 0.000000 1744.528809 0.000000 0.681636 0.000000 -0.731692 0.638011 0.638011 0.638011
7945.022461 0.000000 1737.598511 0.000000 0.081501 0.000000 -0.996673 0.967436 0.967436 0.967436
7963.559082 0.000000 1730.420532 0.000000 0.405785 0.000000 -0.913969 1.133846 1.133846 1.133846
7965.685059 0.000000 1729.285889 0.000000 0.464258 0.000000 -0.885700 1.069264 1.069264 1.069264
7962.914551 0.000000 1746.235107 0.000000 0.253455 0.000000 -0.967347 1.015252 1.015252 1.015252
7991.719727 0.000000 1698.561157 0.000000 0.252926 0.000000 -0.967486 1.083721 1.083721 1.083721
7990.206543 0.000000 1701.946899 0.000000 0.687214 0.000000 -0.726455 1.051767 1.051767 1.051767
7989.110840 0.000000 1711.379028 0.000000 0.145236 0.000000 -0.989397 1.090721 1.090721 1.090721
7990.026367 0.000000 1699.441528 0.000000 0.340435 0.000000 -0.940268 1.077885 1.077885 1.077885
4277.789062 0.000000 2302.818848 0.000000 0.037772 0.000000 -0.999286 0.734802 0.734802 0.734802
4281.007324 0.000000 2305.035645 0.000000 0.652632 0.000000 -0.757675 0.800254 0.800254 0.800254
4282.520996 0.000000 2313.287598 0.000000 0.775227 0.000000 -0.631683 0.658590 0.658590 0.658590
4284.104492 0.000000 2313.028809 0.000000 0.857596 0.000000 -0.514324 1.055431 1.055431 1.055431
4287.312988 0.000000 2300.649902 0.000000 0.766514 0.000000 -0.642227 1.076782 1.076782 1.076782
4298.663574 0.000000 2313.959961 0.000000 0.420565 0.000000 -0.907262 1.093395 1.093395 1.093395
4293.041016 0.000000 2303.151611 0.000000 0.117107 0.000000 -0.993119 0.842863 0.842863 0.842863
4335.868652 0.000000 2364.270264 0.000000 0.771006 0.000000 -0.636827 0.633145 0.633145 0.633145
4344.096680 0.000000 2343.503418 0.000000 0.543162 0.000000 -0.839628 0.686231 0.686231 0.686231
4299.049316 0.000000 2365.740234 0.000000 0.815665 0.000000 -0.578525 1.079011 1.079011 1.079011
4345.187988 0.000000 2347.344727 0.000000 0.283618 0.000000 -0.958937 0.847676 0.847676 0.847676
4225.654297 0.000000 2386.701904 0.000000 0.816415 0.000000 -0.577466 0.596135 0.596135 0.596135
4248.874512 0.000000 2390.358887 0.000000 0.829129 0.000000 -0.559057 0.923030 0.923030 0.923030
4340.014648 0.000000 2381.187012 0.000000 0.664240 0.000000 -0.747520 0.669158 0.669158 0.669158
4321.641602 0.000000 2390.422363 0.000000 0.372818 0.000000 -0.927904 0.717686 0.717686 0.717686
4327.989746 0.000000 2398.247559 0.000000 0.126850 0.000000 -0.991922 0.835893 0.835893 0.835893
4328.469727 0.000000 2391.608887 0.000000 0.415045 0.000000 -0.909801 1.072887 1.072887 1.072887
4319.303223 0.000000 2399.355225 0.000000 0.532359 0.000000 -0.846519 0.923514 0.923514 0.923514
4316.743164 0.000000 2400.956787 0.000000 0.225650 0.000000 -0.974209 0.878128 0.878128 0.878128
4298.511230 0.000000 2391.034668 0.000000 0.760385 0.000000 -0.649472 1.069356 1.069356 1.069356
7893.353516 0.000000 1956.358521 0.000000 0.597219 0.000000 -0.802079 0.806598 0.806598 0.806598
"}
