object={
	name="palm_dense_generator_1_0"
	clamp_to_water_level=no
	render_under_water=no
	generated_content=yes
	layer="semidynamic"
	pdxmesh="tree_palm_01_mesh"
	count=208
	transform="895.586365 0.000000 731.247070 0.000000 0.548921 0.000000 0.835874 0.300228 0.300228 0.300228
940.760437 0.000000 716.317627 0.000000 0.030760 0.000000 0.999527 0.901959 0.901959 0.901959
902.215332 0.000000 783.234497 0.000000 0.733166 0.000000 0.680050 0.364176 0.364176 0.364176
904.908508 0.000000 780.196899 0.000000 0.327280 0.000000 0.944927 0.569190 0.569190 0.569190
902.056946 0.000000 779.234619 0.000000 0.423596 0.000000 0.905851 0.927846 0.927846 0.927846
904.076843 0.000000 778.350281 0.000000 0.287636 0.000000 0.957740 0.918574 0.918574 0.918574
1013.097351 0.000000 736.082214 0.000000 0.073808 0.000000 0.997272 0.904703 0.904703 0.904703
951.107971 0.000000 835.982544 0.000000 0.277166 0.000000 0.960822 0.486930 0.486930 0.486930
898.356873 0.000000 795.679443 0.000000 0.821146 0.000000 0.570719 0.741762 0.741762 0.741762
929.641785 0.000000 808.859863 0.000000 0.662937 0.000000 0.748675 0.750960 0.750960 0.750960
995.991211 0.000000 806.507751 0.000000 0.290319 0.000000 0.956930 0.583271 0.583271 0.583271
979.771851 0.000000 813.406677 0.000000 0.208062 0.000000 0.978116 0.544076 0.544076 0.544076
1122.932617 0.000000 675.405029 0.000000 0.519614 0.000000 0.854401 0.506173 0.506173 0.506173
1122.143921 0.000000 672.317627 0.000000 0.214254 0.000000 0.976778 0.913746 0.913746 0.913746
1176.572266 0.000000 660.792480 0.000000 0.680476 0.000000 0.732770 0.372193 0.372193 0.372193
1179.203247 0.000000 660.645813 0.000000 0.299020 0.000000 0.954247 0.919332 0.919332 0.919332
1176.887939 0.000000 662.928345 0.000000 0.392432 0.000000 0.919781 0.925673 0.925673 0.925673
1028.756714 0.000000 696.605713 0.000000 0.553879 0.000000 0.832597 0.937371 0.937371 0.937371
2720.032227 0.000000 1223.109741 0.000000 0.122824 0.000000 0.992428 0.209964 0.209964 0.209964
2669.516602 0.000000 1257.389526 0.000000 0.302736 0.000000 0.953075 0.222314 0.222314 0.222314
8063.487305 0.000000 651.555847 0.000000 0.819613 0.000000 0.572918 0.377775 0.377775 0.377775
8044.662598 0.000000 671.908325 0.000000 0.787744 0.000000 0.616003 0.901615 0.901615 0.901615
8052.365234 0.000000 660.594360 0.000000 0.056951 0.000000 0.998377 0.399709 0.399709 0.399709
8061.248047 0.000000 667.330200 0.000000 0.680713 0.000000 0.732550 0.353773 0.353773 0.353773
8055.107910 0.000000 666.529419 0.000000 0.581172 0.000000 0.813781 0.330191 0.330191 0.330191
8062.419434 0.000000 663.475403 0.000000 0.345198 0.000000 0.938530 0.743018 0.743018 0.743018
8047.868652 0.000000 669.739075 0.000000 0.540760 0.000000 0.841177 0.396549 0.396549 0.396549
8057.910645 0.000000 669.279175 0.000000 0.734794 0.000000 0.678290 0.430807 0.430807 0.430807
8041.064941 0.000000 673.033691 0.000000 0.607755 0.000000 0.794125 0.346405 0.346405 0.346405
8045.386719 0.000000 676.035156 0.000000 0.863772 0.000000 0.503884 0.966381 0.966381 0.966381
8053.860840 0.000000 669.394592 0.000000 0.003424 0.000000 0.999994 0.285989 0.285989 0.285989
8055.044922 0.000000 660.416443 0.000000 0.502579 0.000000 0.864532 0.433871 0.433871 0.433871
8060.008301 0.000000 663.605286 0.000000 0.372611 0.000000 0.927988 0.522579 0.522579 0.522579
8059.305664 0.000000 671.107117 0.000000 0.498191 0.000000 0.867067 0.559915 0.559915 0.559915
8053.007812 0.000000 662.478516 0.000000 0.041941 0.000000 0.999120 0.467379 0.467379 0.467379
8078.953125 0.000000 618.815430 0.000000 0.864589 0.000000 0.502480 0.396101 0.396101 0.396101
8076.978516 0.000000 622.064087 0.000000 0.359984 0.000000 0.932958 0.258172 0.258172 0.258172
8084.569336 0.000000 626.714600 0.000000 0.401217 0.000000 0.915983 0.513128 0.513128 0.513128
8096.426758 0.000000 633.765930 0.000000 0.560952 0.000000 0.827848 0.307530 0.307530 0.307530
8070.424805 0.000000 641.688293 0.000000 0.190666 0.000000 0.981655 0.334507 0.334507 0.334507
8079.831543 0.000000 625.500000 0.000000 0.793030 0.000000 0.609182 0.444549 0.444549 0.444549
8093.530273 0.000000 648.620483 0.000000 0.643956 0.000000 0.765062 0.353525 0.353525 0.353525
8067.510742 0.000000 668.256104 0.000000 0.832138 0.000000 0.554569 0.396315 0.396315 0.396315
8086.782715 0.000000 628.631470 0.000000 0.630985 0.000000 0.775795 0.435832 0.435832 0.435832
8094.816895 0.000000 635.765930 0.000000 0.297493 0.000000 0.954724 0.663531 0.663531 0.663531
8092.838379 0.000000 646.395508 0.000000 0.726232 0.000000 0.687450 0.894977 0.894977 0.894977
8035.200195 0.000000 690.609497 0.000000 0.264062 0.000000 0.964506 0.283744 0.283744 0.283744
8033.412109 0.000000 692.769592 0.000000 0.002356 0.000000 0.999997 0.546533 0.546533 0.546533
8034.977539 0.000000 692.311951 0.000000 0.501683 0.000000 0.865051 0.888051 0.888051 0.888051
7862.864258 0.000000 1015.233032 0.000000 0.602949 0.000000 0.797780 0.536735 0.536735 0.536735
7865.384766 0.000000 1016.486145 0.000000 0.715577 0.000000 0.698533 0.476457 0.476457 0.476457
7903.758301 0.000000 990.393982 0.000000 0.599311 0.000000 0.800517 0.310570 0.310570 0.310570
7892.089355 0.000000 1005.051270 0.000000 0.200447 0.000000 0.979705 0.252385 0.252385 0.252385
7923.456055 0.000000 1010.522644 0.000000 0.685935 0.000000 0.727663 0.375186 0.375186 0.375186
7907.765137 0.000000 986.081604 0.000000 0.400037 0.000000 0.916499 0.289454 0.289454 0.289454
7886.875488 0.000000 1004.996399 0.000000 0.584277 0.000000 0.811555 0.332292 0.332292 0.332292
7873.884766 0.000000 1011.286926 0.000000 0.603126 0.000000 0.797646 0.792887 0.792887 0.792887
7901.237305 0.000000 993.756592 0.000000 0.263791 0.000000 0.964580 0.620521 0.620521 0.620521
7920.023926 0.000000 1012.769409 0.000000 0.630250 0.000000 0.776392 0.360521 0.360521 0.360521
7927.062500 0.000000 1011.251831 0.000000 0.700405 0.000000 0.713746 0.357425 0.357425 0.357425
7897.681152 0.000000 994.011841 0.000000 0.539632 0.000000 0.841901 0.422780 0.422780 0.422780
7878.057129 0.000000 1005.172119 0.000000 0.468477 0.000000 0.883475 0.619521 0.619521 0.619521
7892.984863 0.000000 997.432373 0.000000 0.047742 0.000000 0.998860 0.416430 0.416430 0.416430
7925.005371 0.000000 1012.429626 0.000000 0.620453 0.000000 0.784244 0.942610 0.942610 0.942610
7874.269043 0.000000 1013.668213 0.000000 0.652110 0.000000 0.758124 0.905268 0.905268 0.905268
7869.512207 0.000000 1016.744934 0.000000 0.583284 0.000000 0.812268 0.713887 0.713887 0.713887
7838.530273 0.000000 1040.178833 0.000000 0.649300 0.000000 0.760533 0.594908 0.594908 0.594908
7843.991211 0.000000 1032.445190 0.000000 0.286289 0.000000 0.958143 0.262646 0.262646 0.262646
7842.015137 0.000000 1037.214233 0.000000 0.643477 0.000000 0.765465 0.574099 0.574099 0.574099
7848.974609 0.000000 1028.240356 0.000000 0.660111 0.000000 0.751168 0.945898 0.945898 0.945898
7860.003906 0.000000 1020.046326 0.000000 0.697249 0.000000 0.716829 0.665294 0.665294 0.665294
7860.014648 0.000000 1025.562012 0.000000 0.633692 0.000000 0.773585 0.943692 0.943692 0.943692
7849.676758 0.000000 1034.785767 0.000000 0.299540 0.000000 0.954084 0.894702 0.894702 0.894702
7839.888672 0.000000 1038.263062 0.000000 0.585257 0.000000 0.810848 0.939801 0.939801 0.939801
7864.246582 0.000000 1019.575623 0.000000 0.400131 0.000000 0.916458 0.915789 0.915789 0.915789
7856.943848 0.000000 1028.307251 0.000000 0.718254 0.000000 0.695781 0.951012 0.951012 0.951012
7857.237305 0.000000 1029.925415 0.000000 0.815292 0.000000 0.579050 0.960685 0.960685 0.960685
7922.318359 0.000000 1016.924622 0.000000 0.484353 0.000000 0.874873 0.287392 0.287392 0.287392
7907.104004 0.000000 1025.260864 0.000000 0.333844 0.000000 0.942628 0.313388 0.313388 0.313388
7907.200195 0.000000 1029.515747 0.000000 0.555392 0.000000 0.831589 0.364703 0.364703 0.364703
7931.955078 0.000000 1104.258301 0.000000 0.295294 0.000000 0.955406 0.919084 0.919084 0.919084
8156.380371 0.000000 1071.569092 0.000000 0.593063 0.000000 0.805156 0.492259 0.492259 0.492259
8143.272949 0.000000 1095.121704 0.000000 0.034929 0.000000 0.999390 0.172738 0.172738 0.172738
8158.530273 0.000000 1096.663208 0.000000 0.478052 0.000000 0.878331 0.931731 0.931731 0.931731
8140.552734 0.000000 1099.397217 0.000000 0.640727 0.000000 0.767768 0.903626 0.903626 0.903626
8138.351562 0.000000 1094.082031 0.000000 0.224324 0.000000 0.974515 0.235658 0.235658 0.235658
8154.364746 0.000000 1098.764404 0.000000 0.496732 0.000000 0.867904 0.308332 0.308332 0.308332
8146.817383 0.000000 1103.646973 0.000000 0.718897 0.000000 0.695117 0.625230 0.625230 0.625230
8157.530273 0.000000 1100.495483 0.000000 0.584606 0.000000 0.811317 0.340161 0.340161 0.340161
8183.062500 0.000000 1124.220581 0.000000 0.344001 0.000000 0.938969 0.371485 0.371485 0.371485
8157.020508 0.000000 1086.033447 0.000000 0.007952 0.000000 0.999968 0.327019 0.327019 0.327019
8153.681152 0.000000 1106.980591 0.000000 0.839394 0.000000 0.543523 0.411988 0.411988 0.411988
8140.526855 0.000000 1096.248901 0.000000 0.367634 0.000000 0.929971 0.497659 0.497659 0.497659
8144.244141 0.000000 1102.401001 0.000000 0.282162 0.000000 0.959367 0.639503 0.639503 0.639503
8142.979980 0.000000 1098.043335 0.000000 0.738953 0.000000 0.673757 0.917499 0.917499 0.917499
8166.646484 0.000000 1105.360352 0.000000 0.304862 0.000000 0.952396 0.365129 0.365129 0.365129
8141.872070 0.000000 1101.605591 0.000000 0.498134 0.000000 0.867100 0.933196 0.933196 0.933196
8155.190918 0.000000 1101.512573 0.000000 0.152414 0.000000 0.988317 0.860895 0.860895 0.860895
8159.328613 0.000000 1123.525024 0.000000 0.120265 0.000000 0.992742 0.907675 0.907675 0.907675
8159.330566 0.000000 1105.624268 0.000000 0.693366 0.000000 0.720586 0.439724 0.439724 0.439724
8168.389160 0.000000 1126.833496 0.000000 0.532635 0.000000 0.846345 0.596147 0.596147 0.596147
8156.161133 0.000000 1121.815186 0.000000 0.733647 0.000000 0.679530 0.925577 0.925577 0.925577
8157.614258 0.000000 1104.931030 0.000000 0.529355 0.000000 0.848400 0.935513 0.935513 0.935513
8146.362793 0.000000 1105.839722 0.000000 0.759556 0.000000 0.650442 0.954917 0.954917 0.954917
8136.954590 0.000000 1096.921143 0.000000 0.841604 0.000000 0.540094 0.963678 0.963678 0.963678
7890.817383 0.000000 1160.131348 0.000000 0.662775 0.000000 0.748818 0.369748 0.369748 0.369748
7924.014648 0.000000 1138.530762 0.000000 0.824659 0.000000 0.565630 0.420967 0.420967 0.420967
7891.991699 0.000000 1162.915039 0.000000 0.740374 0.000000 0.672195 0.459217 0.459217 0.459217
7915.690430 0.000000 1133.251465 0.000000 0.727298 0.000000 0.686322 0.483728 0.483728 0.483728
7893.422363 0.000000 1154.042358 0.000000 0.771006 0.000000 0.636828 0.672789 0.672789 0.672789
7912.389160 0.000000 1183.317871 0.000000 0.034607 0.000000 0.999401 0.902204 0.902204 0.902204
7913.936523 0.000000 1182.783936 0.000000 0.532149 0.000000 0.846651 0.935723 0.935723 0.935723
7758.875488 0.000000 1287.418335 0.000000 0.756470 0.000000 0.654029 0.954615 0.954615 0.954615
7777.947754 0.000000 1292.129761 0.000000 0.282004 0.000000 0.959413 0.308973 0.308973 0.308973
7747.510742 0.000000 1289.584229 0.000000 0.511422 0.000000 0.859330 0.347831 0.347831 0.347831
7782.469727 0.000000 1269.250244 0.000000 0.234648 0.000000 0.972081 0.479799 0.479799 0.479799
7746.026855 0.000000 1291.282471 0.000000 0.562530 0.000000 0.826777 0.938034 0.938034 0.938034
7791.448242 0.000000 1267.163818 0.000000 0.376854 0.000000 0.926273 0.903309 0.903309 0.903309
7757.139648 0.000000 1286.200928 0.000000 0.355828 0.000000 0.934552 0.923160 0.923160 0.923160
7764.569336 0.000000 1304.527100 0.000000 0.572526 0.000000 0.819886 0.938807 0.938807 0.938807
7756.526855 0.000000 1322.186401 0.000000 0.463035 0.000000 0.886340 0.568190 0.568190 0.568190
7758.979980 0.000000 1323.980835 0.000000 0.351603 0.000000 0.936149 0.651111 0.651111 0.651111
7758.686523 0.000000 1313.732056 0.000000 0.812765 0.000000 0.582591 0.634259 0.634259 0.634259
7758.777344 0.000000 1319.392822 0.000000 0.698084 0.000000 0.716016 0.949193 0.949193 0.949193
7760.790527 0.000000 1307.295898 0.000000 0.389410 0.000000 0.921065 0.925464 0.925464 0.925464
7762.929199 0.000000 1304.614868 0.000000 0.034393 0.000000 0.999408 0.844655 0.844655 0.844655
7897.661133 0.000000 1245.722412 0.000000 0.248310 0.000000 0.968681 0.496482 0.496482 0.496482
8186.368164 0.000000 1294.582153 0.000000 0.210433 0.000000 0.977608 0.791771 0.791771 0.791771
8157.530273 0.000000 1326.432983 0.000000 0.247618 0.000000 0.968858 0.913951 0.913951 0.913951
8155.635742 0.000000 1322.191040 0.000000 0.593306 0.000000 0.804977 0.401895 0.401895 0.401895
8156.838379 0.000000 1324.208008 0.000000 0.344817 0.000000 0.938670 0.858516 0.858516 0.858516
7894.628418 0.000000 1498.620972 0.000000 0.545982 0.000000 0.837797 0.832534 0.832534 0.832534
7897.681152 0.000000 1502.371216 0.000000 0.685496 0.000000 0.728076 0.863624 0.863624 0.863624
7896.332520 0.000000 1503.798218 0.000000 0.277697 0.000000 0.960669 0.795770 0.795770 0.795770
8105.128906 0.000000 1376.490723 0.000000 0.369355 0.000000 0.929288 0.924084 0.924084 0.924084
8107.960938 0.000000 1377.727295 0.000000 0.025415 0.000000 0.999677 0.809023 0.809023 0.809023
8059.211426 0.000000 1498.211914 0.000000 0.341093 0.000000 0.940029 0.277010 0.277010 0.277010
8046.671387 0.000000 1515.048218 0.000000 0.635738 0.000000 0.771905 0.592032 0.592032 0.592032
8062.854492 0.000000 1495.177124 0.000000 0.669209 0.000000 0.743074 0.946673 0.946673 0.946673
8031.758301 0.000000 1555.237793 0.000000 0.192008 0.000000 0.981393 0.912300 0.912300 0.912300
8035.104004 0.000000 1533.620239 0.000000 0.755122 0.000000 0.655585 0.387282 0.387282 0.387282
8032.449219 0.000000 1551.073486 0.000000 0.616836 0.000000 0.787092 0.353757 0.353757 0.353757
8033.491699 0.000000 1530.973389 0.000000 0.259200 0.000000 0.965824 0.646458 0.646458 0.646458
8032.594727 0.000000 1544.716553 0.000000 0.588916 0.000000 0.808194 0.940089 0.940089 0.940089
8078.873047 0.000000 1476.640869 0.000000 0.598790 0.000000 0.800906 0.376856 0.376856 0.376856
8065.017578 0.000000 1495.286865 0.000000 0.662589 0.000000 0.748983 0.885243 0.885243 0.885243
8072.614258 0.000000 1482.122559 0.000000 0.700568 0.000000 0.713585 0.377106 0.377106 0.377106
8070.475098 0.000000 1483.184448 0.000000 0.630175 0.000000 0.776453 0.551937 0.551937 0.551937
8079.854980 0.000000 1475.123413 0.000000 0.673310 0.000000 0.739360 0.947026 0.947026 0.947026
7807.586426 0.000000 1634.997070 0.000000 0.845978 0.000000 0.533217 0.383955 0.383955 0.383955
7806.390625 0.000000 1637.322998 0.000000 0.665040 0.000000 0.746808 0.376529 0.376529 0.376529
7808.042480 0.000000 1638.054199 0.000000 0.601238 0.000000 0.799070 0.356823 0.356823 0.356823
7926.864258 0.000000 1693.045532 0.000000 0.361064 0.000000 0.932541 0.595349 0.595349 0.595349
7758.875488 0.000000 1739.293335 0.000000 0.065558 0.000000 0.997849 0.232258 0.232258 0.232258
7758.401855 0.000000 1736.227051 0.000000 0.211574 0.000000 0.977362 0.490353 0.490353 0.490353
7910.535645 0.000000 1724.039307 0.000000 0.455499 0.000000 0.890236 0.581748 0.581748 0.581748
7910.469727 0.000000 1721.125244 0.000000 0.133476 0.000000 0.991052 0.282069 0.282069 0.282069
7880.173828 0.000000 1716.797607 0.000000 0.863566 0.000000 0.504235 0.862570 0.862570 0.862570
7908.916016 0.000000 1722.593628 0.000000 0.409870 0.000000 0.912144 0.926885 0.926885 0.926885
7922.317871 0.000000 1698.984375 0.000000 0.239925 0.000000 0.970791 0.915425 0.915425 0.915425
7905.478516 0.000000 1724.552734 0.000000 0.325831 0.000000 0.945428 0.915561 0.915561 0.915561
7864.065918 0.000000 1776.378174 0.000000 0.251115 0.000000 0.967957 0.331502 0.331502 0.331502
7861.519043 0.000000 1777.640991 0.000000 0.452290 0.000000 0.891871 0.929879 0.929879 0.929879
7859.561035 0.000000 1777.277466 0.000000 0.181064 0.000000 0.983471 0.890789 0.890789 0.890789
7891.771973 0.000000 1773.641113 0.000000 0.798120 0.000000 0.602499 0.921059 0.921059 0.921059
7893.452637 0.000000 1772.998535 0.000000 0.500313 0.000000 0.865845 0.933356 0.933356 0.933356
7891.835449 0.000000 1771.902710 0.000000 0.236272 0.000000 0.971687 0.889242 0.889242 0.889242
7909.265137 0.000000 1770.679199 0.000000 0.575399 0.000000 0.817873 0.934727 0.934727 0.934727
7936.525879 0.000000 1618.865601 0.000000 0.363728 0.000000 0.931505 0.923699 0.923699 0.923699
7956.569336 0.000000 1643.433350 0.000000 0.778543 0.000000 0.627591 0.358992 0.358992 0.358992
7992.315430 0.000000 1675.055908 0.000000 0.140954 0.000000 0.990016 0.909003 0.909003 0.909003
7936.009766 0.000000 1680.239380 0.000000 0.829089 0.000000 0.559117 0.962228 0.962228 0.962228
7939.510742 0.000000 1684.974854 0.000000 0.671633 0.000000 0.740884 0.353455 0.353455 0.353455
7952.186523 0.000000 1657.198120 0.000000 0.061482 0.000000 0.998108 0.335301 0.335301 0.335301
7991.044922 0.000000 1677.135254 0.000000 0.368256 0.000000 0.929724 0.904341 0.904341 0.904341
7985.314941 0.000000 1680.745117 0.000000 0.735112 0.000000 0.677946 0.761422 0.761422 0.761422
7993.190430 0.000000 1680.153687 0.000000 0.863535 0.000000 0.504289 0.810572 0.810572 0.810572
8009.400879 0.000000 1654.166016 0.000000 0.685993 0.000000 0.727608 0.371537 0.371537 0.371537
8011.929688 0.000000 1650.052734 0.000000 0.042070 0.000000 0.999115 0.291751 0.291751 0.291751
8004.763672 0.000000 1674.239136 0.000000 0.726562 0.000000 0.687101 0.951777 0.951777 0.951777
8002.311035 0.000000 1674.657959 0.000000 0.228284 0.000000 0.973595 0.914662 0.914662 0.914662
8013.704590 0.000000 1650.873535 0.000000 0.604211 0.000000 0.796824 0.760572 0.760572 0.760572
8007.699707 0.000000 1653.901733 0.000000 0.231061 0.000000 0.972939 0.914844 0.914844 0.914844
8003.329590 0.000000 1673.475220 0.000000 0.337681 0.000000 0.941260 0.921929 0.921929 0.921929
7968.032227 0.000000 1731.469116 0.000000 0.170859 0.000000 0.985295 0.910931 0.910931 0.910931
7965.237305 0.000000 1728.053467 0.000000 0.849419 0.000000 0.527720 0.964609 0.964609 0.964609
7965.530273 0.000000 1721.823608 0.000000 0.728568 0.000000 0.684973 0.573736 0.573736 0.573736
7963.595215 0.000000 1745.054932 0.000000 0.153839 0.000000 0.988096 0.253366 0.253366 0.253366
7969.099609 0.000000 1728.480957 0.000000 0.154661 0.000000 0.987968 0.296678 0.296678 0.296678
7944.076660 0.000000 1738.584595 0.000000 0.851986 0.000000 0.523565 0.964920 0.964920 0.964920
7989.929688 0.000000 1710.601929 0.000000 0.194471 0.000000 0.980908 0.912460 0.912460 0.912460
4297.641113 0.000000 2312.562744 0.000000 0.324379 0.000000 0.945927 0.266345 0.266345 0.266345
4346.544434 0.000000 2356.282471 0.000000 0.657971 0.000000 0.753043 0.315757 0.315757 0.315757
4299.959473 0.000000 2364.350342 0.000000 0.472344 0.000000 0.881414 0.861829 0.861829 0.861829
4343.060547 0.000000 2357.458984 0.000000 0.440597 0.000000 0.897705 0.315104 0.315104 0.315104
4297.278320 0.000000 2365.942871 0.000000 0.115038 0.000000 0.993361 0.790075 0.790075 0.790075
4341.789062 0.000000 2359.303223 0.000000 0.818492 0.000000 0.574518 0.492515 0.492515 0.492515
4243.771973 0.000000 2394.969238 0.000000 0.853146 0.000000 0.521672 0.660907 0.660907 0.660907
4283.815430 0.000000 2391.063477 0.000000 0.622387 0.000000 0.782709 0.535938 0.535938 0.535938
4303.272949 0.000000 2394.262207 0.000000 0.475222 0.000000 0.879866 0.315927 0.315927 0.315927
4298.351562 0.000000 2393.222656 0.000000 0.656220 0.000000 0.754570 0.379130 0.379130 0.379130
4328.763184 0.000000 2387.465820 0.000000 0.581988 0.000000 0.813197 0.939545 0.939545 0.939545
4317.530273 0.000000 2399.636230 0.000000 0.216574 0.000000 0.976266 0.301965 0.301965 0.301965
4326.469727 0.000000 2398.937744 0.000000 0.757013 0.000000 0.653399 0.495356 0.495356 0.495356
4326.385742 0.000000 2389.188721 0.000000 0.685948 0.000000 0.727651 0.891973 0.891973 0.891973
4299.442871 0.000000 2390.152344 0.000000 0.269214 0.000000 0.963080 0.872626 0.872626 0.872626
4297.322266 0.000000 2391.311279 0.000000 0.846661 0.000000 0.532132 0.937382 0.937382 0.937382
4299.377441 0.000000 2391.887207 0.000000 0.750481 0.000000 0.660893 0.929161 0.929161 0.929161
"}
object={
	name="palm_dense_generator_1_1"
	clamp_to_water_level=no
	render_under_water=no
	generated_content=yes
	layer="semidynamic"
	pdxmesh="tree_palm_02_mesh"
	count=222
	transform="897.884583 0.000000 728.865051 0.000000 0.903269 0.000000 0.429075 0.971768 0.971768 0.971768
1012.706360 0.000000 734.127869 0.000000 0.998962 0.000000 0.045541 0.997100 0.997100 0.997100
903.260437 0.000000 780.901306 0.000000 0.999971 0.000000 -0.007601 1.000484 1.000484 1.000484
1010.318420 0.000000 734.502747 0.000000 0.992705 0.000000 -0.120566 1.007694 1.007694 1.007694
1012.004028 0.000000 737.624451 0.000000 0.935410 0.000000 0.353564 0.976994 0.976994 0.976994
1012.657654 0.000000 734.332947 0.000000 0.997867 0.000000 0.065287 0.995841 0.995841 0.995841
986.957520 0.000000 740.923706 0.000000 0.934312 0.000000 0.356456 0.938569 0.938569 0.938569
1011.663757 0.000000 735.465271 0.000000 0.942589 0.000000 -0.333955 1.021677 1.021677 1.021677
991.453491 0.000000 807.511353 0.000000 0.990871 0.000000 -0.134812 0.527699 0.527699 0.527699
1123.689819 0.000000 672.929749 0.000000 0.992469 0.000000 -0.122495 1.007818 1.007818 1.007818
1178.979858 0.000000 663.160950 0.000000 0.894231 0.000000 0.447606 0.970455 0.970455 0.970455
1178.709839 0.000000 658.368042 0.000000 0.937209 0.000000 -0.348769 0.565505 0.565505 0.565505
1026.500488 0.000000 697.556580 0.000000 0.976382 0.000000 -0.216050 1.028216 1.028216 1.028216
2716.793701 0.000000 1245.498047 0.000000 0.976287 0.000000 -0.216480 0.548293 0.548293 0.548293
2697.400879 0.000000 1258.775391 0.000000 0.911701 0.000000 0.410854 0.410101 0.410101 0.410101
2688.255127 0.000000 1289.797119 0.000000 0.984325 0.000000 0.176365 0.461957 0.461957 0.461957
8058.544434 0.000000 661.751221 0.000000 0.998752 0.000000 0.049941 0.489392 0.489392 0.489392
8058.368164 0.000000 673.254089 0.000000 0.990612 0.000000 -0.136701 0.521003 0.521003 0.521003
8054.864258 0.000000 676.326782 0.000000 0.972167 0.000000 -0.234288 0.536221 0.536221 0.536221
8051.213867 0.000000 667.585327 0.000000 0.973480 0.000000 0.228771 0.494726 0.494726 0.494726
8048.023926 0.000000 673.863159 0.000000 0.975363 0.000000 0.220606 0.505529 0.505529 0.505529
8055.060547 0.000000 662.927856 0.000000 0.975298 0.000000 0.220892 0.466553 0.466553 0.466553
8051.402344 0.000000 675.295349 0.000000 0.958750 0.000000 0.284251 0.447435 0.447435 0.447435
8051.634277 0.000000 664.055969 0.000000 0.946778 0.000000 0.321888 0.480162 0.480162 0.480162
8055.062500 0.000000 672.345581 0.000000 0.991160 0.000000 0.132670 0.640331 0.640331 0.640331
8046.880859 0.000000 671.863708 0.000000 0.919513 0.000000 0.393060 0.704179 0.704179 0.704179
8057.072754 0.000000 671.445190 0.000000 0.982813 0.000000 0.184601 0.607569 0.607569 0.607569
8045.747070 0.000000 670.019714 0.000000 0.874785 0.000000 0.484512 0.923850 0.923850 0.923850
8045.836426 0.000000 673.960876 0.000000 0.997562 0.000000 0.069793 0.991473 0.991473 0.991473
8080.971680 0.000000 614.020752 0.000000 0.912964 0.000000 -0.408040 0.583263 0.583263 0.583263
8081.722656 0.000000 617.021057 0.000000 0.945781 0.000000 -0.324804 0.549181 0.549181 0.549181
8073.400879 0.000000 637.447266 0.000000 0.942455 0.000000 -0.334334 0.554766 0.554766 0.554766
8064.254883 0.000000 668.468994 0.000000 0.989665 0.000000 -0.143401 0.525920 0.525920 0.525920
8069.119141 0.000000 637.762329 0.000000 0.932848 0.000000 -0.360271 0.571356 0.571356 0.571356
8072.173828 0.000000 643.594421 0.000000 0.966672 0.000000 -0.256017 0.693553 0.693553 0.693553
8077.612305 0.000000 624.456726 0.000000 0.999627 0.000000 -0.027326 0.602336 0.602336 0.602336
8035.991211 0.000000 693.539001 0.000000 0.998036 0.000000 -0.062644 1.006714 1.006714 1.006714
8050.318359 0.000000 678.018372 0.000000 0.998311 0.000000 -0.058098 0.510166 0.510166 0.510166
7866.368164 0.000000 1012.160339 0.000000 0.914328 0.000000 0.404974 0.437700 0.437700 0.437700
7871.586426 0.000000 1013.668945 0.000000 0.906069 0.000000 0.423130 0.409851 0.409851 0.409851
7869.535645 0.000000 1014.409912 0.000000 0.931930 0.000000 0.362637 0.976375 0.976375 0.976375
7920.205566 0.000000 1016.693115 0.000000 0.963808 0.000000 -0.266596 0.660466 0.660466 0.660466
7887.130859 0.000000 999.606140 0.000000 0.975592 0.000000 0.219592 0.459292 0.459292 0.459292
7883.959473 0.000000 1008.725220 0.000000 0.960080 0.000000 -0.279725 0.553190 0.553190 0.553190
7894.478027 0.000000 995.127686 0.000000 0.884527 0.000000 0.466489 0.415853 0.415853 0.415853
7879.979980 0.000000 1002.369690 0.000000 1.000000 0.000000 -0.000973 0.500189 0.500189 0.500189
7893.208496 0.000000 1000.113586 0.000000 0.953111 0.000000 -0.302620 0.555839 0.555839 0.555839
7880.908691 0.000000 1006.134399 0.000000 0.923428 0.000000 -0.383772 1.025075 1.025075 1.025075
7889.939453 0.000000 1002.029968 0.000000 0.866059 0.000000 -0.499942 1.005301 1.005301 1.005301
7923.402344 0.000000 1014.201599 0.000000 0.967389 0.000000 0.253295 0.943725 0.943725 0.943725
7890.230469 0.000000 998.269897 0.000000 0.909145 0.000000 0.416480 0.424232 0.424232 0.424232
7906.857422 0.000000 989.363281 0.000000 0.951328 0.000000 -0.308180 1.033084 1.033084 1.033084
7900.947754 0.000000 990.306213 0.000000 0.906639 0.000000 -0.421906 0.686755 0.686755 0.686755
7903.330566 0.000000 992.655457 0.000000 0.991558 0.000000 0.129664 0.640819 0.640819 0.640819
7885.139648 0.000000 1003.779053 0.000000 0.934166 0.000000 -0.356839 1.032638 1.032638 1.032638
7899.528320 0.000000 994.773560 0.000000 0.895976 0.000000 0.444103 0.954850 0.954850 0.954850
7889.033691 0.000000 1000.195251 0.000000 0.938802 0.000000 -0.344456 0.870091 0.870091 0.870091
7898.057129 0.000000 995.697510 0.000000 0.874948 0.000000 -0.484217 1.049594 1.049594 1.049594
7862.816895 0.000000 1017.969543 0.000000 0.965236 0.000000 0.261378 0.458704 0.458704 0.458704
7866.385254 0.000000 1019.310791 0.000000 0.997394 0.000000 -0.072145 0.555094 0.555094 0.555094
7854.042969 0.000000 1022.573425 0.000000 0.978573 0.000000 0.205900 0.986798 0.986798 0.986798
7852.194824 0.000000 1028.796143 0.000000 0.878537 0.000000 -0.477675 0.686514 0.686514 0.686514
7841.448730 0.000000 1040.015503 0.000000 0.887074 0.000000 0.461628 0.849038 0.849038 0.849038
7844.029297 0.000000 1035.271484 0.000000 0.917754 0.000000 -0.397150 1.026000 1.026000 1.026000
7865.460938 0.000000 1016.822021 0.000000 0.984111 0.000000 0.177554 0.569976 0.569976 0.569976
7860.916016 0.000000 1024.081787 0.000000 0.995482 0.000000 -0.094953 1.006054 1.006054 1.006054
7848.469727 0.000000 1035.984009 0.000000 0.971319 0.000000 -0.237780 1.019959 1.019959 1.019959
7906.015137 0.000000 1037.214233 0.000000 0.999123 0.000000 0.041866 0.492143 0.492143 0.492143
7904.426758 0.000000 1029.156616 0.000000 0.934612 0.000000 -0.355668 0.629917 0.629917 0.629917
7909.463867 0.000000 1024.324097 0.000000 0.932932 0.000000 0.360052 0.685285 0.685285 0.685285
7905.641602 0.000000 1034.797363 0.000000 0.971155 0.000000 -0.238448 0.545381 0.545381 0.545381
7905.365723 0.000000 1026.893555 0.000000 0.926602 0.000000 0.376043 0.975457 0.975457 0.975457
7907.217285 0.000000 1027.557251 0.000000 0.937363 0.000000 -0.348355 1.022652 1.022652 1.022652
7914.009766 0.000000 1128.139771 0.000000 0.999624 0.000000 -0.027407 0.504445 0.504445 0.504445
7931.211426 0.000000 1102.821289 0.000000 0.945523 0.000000 0.325556 0.488997 0.488997 0.488997
7930.561523 0.000000 1104.962402 0.000000 0.913597 0.000000 -0.406621 1.026659 1.026659 1.026659
7949.612305 0.000000 1076.331787 0.000000 0.994584 0.000000 0.103934 0.993371 0.993371 0.993371
8175.722656 0.000000 1061.038452 0.000000 0.998104 0.000000 -0.061551 0.510218 0.510218 0.510218
8149.705078 0.000000 1100.070801 0.000000 0.974183 0.000000 -0.225761 0.549717 0.549717 0.549717
8135.671387 0.000000 1098.059692 0.000000 0.879615 0.000000 -0.475686 0.606747 0.606747 0.606747
8165.982422 0.000000 1123.464966 0.000000 0.900552 0.000000 -0.434747 0.577644 0.577644 0.577644
8142.007324 0.000000 1104.093384 0.000000 0.891031 0.000000 -0.453942 1.029997 1.029997 1.029997
8145.256836 0.000000 1107.917969 0.000000 0.994526 0.000000 -0.104491 1.007135 1.007135 1.007135
8170.009766 0.000000 1128.139771 0.000000 0.925783 0.000000 -0.378056 1.045113 1.045113 1.045113
8151.293457 0.000000 1096.767944 0.000000 0.883520 0.000000 -0.468394 0.589997 0.589997 0.589997
8166.346680 0.000000 1127.460815 0.000000 0.936753 0.000000 -0.349992 0.952072 0.952072 0.952072
8147.991699 0.000000 1106.430664 0.000000 0.992465 0.000000 -0.122527 1.007820 1.007820 1.007820
8155.635742 0.000000 1096.253540 0.000000 0.999522 0.000000 0.030924 0.996734 0.996734 0.996734
8166.824707 0.000000 1078.441040 0.000000 0.997982 0.000000 -0.063504 1.004045 1.004045 1.004045
8144.716797 0.000000 1105.300903 0.000000 0.992937 0.000000 -0.118644 1.007571 1.007571 1.007571
8160.544434 0.000000 1120.534668 0.000000 0.869750 0.000000 -0.493492 0.612177 0.612177 0.612177
8151.339844 0.000000 1105.610596 0.000000 0.930642 0.000000 0.365932 0.976150 0.976150 0.976150
8156.838379 0.000000 1098.270508 0.000000 0.986332 0.000000 0.164770 0.989462 0.989462 0.989462
8151.885254 0.000000 1098.983276 0.000000 0.971187 0.000000 0.238319 0.647314 0.647314 0.647314
8174.880859 0.000000 1123.738770 0.000000 0.877201 0.000000 0.480123 0.571508 0.571508 0.571508
8177.424316 0.000000 1111.619629 0.000000 0.906039 0.000000 0.423195 0.917825 0.917825 0.917825
8148.821777 0.000000 1104.314087 0.000000 0.997349 0.000000 0.072770 0.990454 0.990454 0.990454
8155.528320 0.000000 1107.742310 0.000000 0.996456 0.000000 -0.084116 0.807692 0.807692 0.807692
8158.609375 0.000000 1098.865723 0.000000 0.960270 0.000000 -0.279074 0.987964 0.987964 0.987964
8140.773926 0.000000 1107.387207 0.000000 0.942244 0.000000 0.334928 0.905758 0.905758 0.905758
8171.722656 0.000000 1128.526367 0.000000 0.999539 0.000000 0.030363 0.985895 0.985895 0.985895
8149.609863 0.000000 1105.852173 0.000000 0.967901 0.000000 0.251333 0.966701 0.966701 0.966701
8136.953125 0.000000 1099.133789 0.000000 0.960680 0.000000 0.277658 0.982088 0.982088 0.982088
8159.972656 0.000000 1097.584106 0.000000 0.937464 0.000000 -0.348082 1.022633 1.022633 1.022633
8142.222168 0.000000 1096.353882 0.000000 0.868693 0.000000 -0.495351 1.032992 1.032992 1.032992
7893.705078 0.000000 1156.555176 0.000000 0.931145 0.000000 0.364649 0.439197 0.439197 0.439197
7912.832520 0.000000 1133.188599 0.000000 0.979907 0.000000 0.199457 0.463830 0.463830 0.463830
7909.432617 0.000000 1140.714600 0.000000 0.908116 0.000000 -0.418719 0.582027 0.582027 0.582027
7917.943359 0.000000 1132.042480 0.000000 0.972376 0.000000 0.233421 0.546587 0.546587 0.546587
7894.628418 0.000000 1159.714722 0.000000 0.998937 0.000000 -0.046096 1.002936 1.002936 1.002936
7914.835938 0.000000 1135.693726 0.000000 0.989727 0.000000 -0.142972 0.524015 0.524015 0.524015
7900.944336 0.000000 1165.554932 0.000000 0.902921 0.000000 0.429807 0.575792 0.575792 0.575792
7744.254883 0.000000 1289.797119 0.000000 0.872848 0.000000 -0.487991 1.032454 1.032454 1.032454
7750.215332 0.000000 1291.593872 0.000000 0.978427 0.000000 0.206592 0.986753 0.986753 0.986753
7769.505859 0.000000 1296.427979 0.000000 0.976813 0.000000 -0.214092 0.532239 0.532239 0.532239
7778.857422 0.000000 1271.785156 0.000000 0.881915 0.000000 -0.471409 1.031986 1.031986 1.031986
7776.544434 0.000000 1289.987793 0.000000 0.947322 0.000000 0.320282 0.450797 0.450797 0.450797
7748.384766 0.000000 1293.428955 0.000000 0.965307 0.000000 0.261117 0.983182 0.983182 0.983182
7752.237305 0.000000 1290.682861 0.000000 0.901433 0.000000 -0.432918 1.028503 1.028503 1.028503
7748.166992 0.000000 1291.420776 0.000000 0.923101 0.000000 0.384558 0.974871 0.974871 0.974871
7772.899902 0.000000 1294.204956 0.000000 0.935040 0.000000 0.354541 0.976927 0.976927 0.976927
7747.051758 0.000000 1292.508667 0.000000 0.961854 0.000000 0.273564 0.982360 0.982360 0.982360
7749.961426 0.000000 1293.289062 0.000000 0.999999 0.000000 0.001713 0.999891 0.999891 0.999891
7759.272949 0.000000 1321.059204 0.000000 0.986689 0.000000 0.162617 0.989601 0.989601 0.989601
7758.220703 0.000000 1316.221558 0.000000 0.960104 0.000000 0.279643 0.981957 0.981957 0.981957
7767.068359 0.000000 1303.651733 0.000000 0.976025 0.000000 0.217656 0.778557 0.778557 0.778557
7760.098633 0.000000 1308.900146 0.000000 0.972218 0.000000 -0.234078 0.981068 0.981068 0.981068
7767.366211 0.000000 1301.793335 0.000000 0.937497 0.000000 -0.347994 1.031284 1.031284 1.031284
7765.209473 0.000000 1306.002930 0.000000 0.981356 0.000000 0.192200 0.987688 0.987688 0.987688
8170.673340 0.000000 1129.831421 0.000000 0.947934 0.000000 0.318466 0.944286 0.944286 0.944286
8173.516602 0.000000 1313.873901 0.000000 0.992068 0.000000 0.125702 0.991976 0.991976 0.991976
8154.364746 0.000000 1324.701904 0.000000 0.944194 0.000000 -0.329391 0.567248 0.567248 0.567248
8170.440430 0.000000 1315.349609 0.000000 0.987114 0.000000 -0.160017 1.010231 1.010231 1.010231
8173.641602 0.000000 1315.497681 0.000000 0.942448 0.000000 0.334352 0.978296 0.978296 0.978296
7898.074219 0.000000 1499.110229 0.000000 0.947510 0.000000 -0.319727 0.548627 0.548627 0.548627
7890.817383 0.000000 1499.037598 0.000000 0.997414 0.000000 -0.071873 1.007597 1.007597 1.007597
7896.795410 0.000000 1496.505981 0.000000 0.921118 0.000000 -0.389284 1.039830 1.039830 1.039830
7888.716797 0.000000 1500.691528 0.000000 0.881311 0.000000 0.472536 0.931806 0.931806 0.931806
7899.190918 0.000000 1496.903198 0.000000 0.956823 0.000000 0.290670 0.494551 0.494551 0.494551
7899.203125 0.000000 1507.911499 0.000000 0.950731 0.000000 -0.310017 1.034846 1.034846 1.034846
7896.422363 0.000000 1498.293945 0.000000 0.934488 0.000000 -0.355993 1.026443 1.026443 1.026443
8102.889160 0.000000 1379.064575 0.000000 0.913508 0.000000 -0.406821 0.562916 0.562916 0.562916
8111.663086 0.000000 1365.636841 0.000000 0.989304 0.000000 0.145867 0.988049 0.988049 0.988049
8121.129395 0.000000 1450.927979 0.000000 0.977272 0.000000 -0.211989 0.784677 0.784677 0.784677
8047.722656 0.000000 1512.913452 0.000000 0.977944 0.000000 -0.208868 0.534592 0.534592 0.534592
8061.738281 0.000000 1496.842896 0.000000 0.985698 0.000000 0.168522 0.983386 0.983386 0.983386
8028.947754 0.000000 1555.149902 0.000000 0.999406 0.000000 -0.034463 1.002194 1.002194 1.002194
8033.641602 0.000000 1543.156738 0.000000 0.998057 0.000000 0.062302 0.996031 0.996031 0.996031
8033.519531 0.000000 1532.939087 0.000000 0.942399 0.000000 -0.334491 1.029887 1.029887 1.029887
8101.432617 0.000000 1479.620850 0.000000 0.899334 0.000000 -0.437262 1.028810 1.028810 1.028810
8111.663086 0.000000 1478.605591 0.000000 0.976445 0.000000 0.215768 0.986155 0.986155 0.986155
8090.987305 0.000000 1468.682495 0.000000 0.887528 0.000000 0.460754 0.499276 0.499276 0.499276
8075.486816 0.000000 1477.153320 0.000000 0.984761 0.000000 -0.173913 0.528344 0.528344 0.528344
8075.084961 0.000000 1478.972412 0.000000 0.974303 0.000000 -0.225243 1.031820 1.031820 1.031820
7808.156738 0.000000 1636.462646 0.000000 0.999511 0.000000 0.031256 0.749829 0.749829 0.749829
7935.509766 0.000000 1618.781006 0.000000 0.996201 0.000000 0.087079 0.574599 0.574599 0.574599
7934.419434 0.000000 1680.194214 0.000000 0.992019 0.000000 0.126088 0.991952 0.991952 0.991952
7935.697754 0.000000 1682.770996 0.000000 0.945255 0.000000 -0.326334 0.660357 0.660357 0.660357
7926.588867 0.000000 1691.229980 0.000000 0.939096 0.000000 -0.343654 1.023384 1.023384 1.023384
7761.939453 0.000000 1736.326782 0.000000 0.989891 0.000000 0.141830 0.633969 0.633969 0.633969
7789.375000 0.000000 1775.937256 0.000000 0.993824 0.000000 -0.110971 0.519614 0.519614 0.519614
7791.448242 0.000000 1775.523193 0.000000 0.976847 0.000000 -0.213941 0.789888 0.789888 0.789888
7789.839355 0.000000 1777.701416 0.000000 0.984872 0.000000 0.173284 0.983956 0.983956 0.983956
7866.637207 0.000000 1721.464966 0.000000 0.995602 0.000000 0.093687 0.990232 0.990232 0.990232
7908.276367 0.000000 1727.777954 0.000000 0.964802 0.000000 -0.262976 0.553513 0.553513 0.553513
7920.746582 0.000000 1697.768921 0.000000 0.991638 0.000000 0.129048 0.524447 0.524447 0.524447
7905.491699 0.000000 1700.426514 0.000000 0.996409 0.000000 -0.084672 0.866317 0.866317 0.866317
7922.425293 0.000000 1696.685669 0.000000 0.886671 0.000000 -0.462401 1.030602 1.030602 1.030602
7902.945801 0.000000 1722.995117 0.000000 0.994689 0.000000 -0.102925 1.006564 1.006564 1.006564
7858.584961 0.000000 1778.909912 0.000000 0.999794 0.000000 0.020290 0.536143 0.536143 0.536143
7895.890625 0.000000 1770.073364 0.000000 0.997399 0.000000 -0.072082 0.913024 0.913024 0.913024
7897.283691 0.000000 1772.633423 0.000000 0.866852 0.000000 0.498566 0.930026 0.930026 0.930026
7893.235840 0.000000 1770.876709 0.000000 0.884909 0.000000 0.465763 0.969156 0.969156 0.969156
7890.128418 0.000000 1771.777222 0.000000 0.990979 0.000000 0.134014 0.988825 0.988825 0.988825
8028.793945 0.000000 1584.404297 0.000000 0.995353 0.000000 0.096298 0.988226 0.988226 0.988226
8027.133789 0.000000 1585.092651 0.000000 0.975014 0.000000 0.222145 0.985739 0.985739 0.985739
7954.127930 0.000000 1651.322876 0.000000 0.931069 0.000000 0.364842 0.976225 0.976225 0.976225
7951.272949 0.000000 1659.965454 0.000000 0.996390 0.000000 0.084892 0.938449 0.938449 0.938449
7988.365234 0.000000 1677.313110 0.000000 0.999659 0.000000 -0.026108 1.001662 1.001662 1.001662
7950.873047 0.000000 1646.093994 0.000000 0.890675 0.000000 -0.454640 0.581832 0.581832 0.581832
7939.505371 0.000000 1681.473022 0.000000 0.964190 0.000000 -0.265214 0.995278 0.995278 0.995278
7984.647949 0.000000 1678.522583 0.000000 0.940093 0.000000 0.340917 0.975247 0.975247 0.975247
7987.634277 0.000000 1680.774780 0.000000 0.999921 0.000000 -0.012600 0.683411 0.683411 0.683411
7952.939453 0.000000 1653.975586 0.000000 0.887758 0.000000 -0.460310 1.064846 1.064846 1.064846
7959.408203 0.000000 1649.885010 0.000000 0.911732 0.000000 0.410786 0.536226 0.536226 0.536226
7995.000977 0.000000 1675.847900 0.000000 0.981192 0.000000 0.193037 0.703735 0.703735 0.703735
7953.436523 0.000000 1661.915894 0.000000 0.992319 0.000000 -0.123708 0.518717 0.518717 0.518717
7955.236816 0.000000 1649.369995 0.000000 0.987244 0.000000 -0.159214 1.010179 1.010179 1.010179
7941.572266 0.000000 1684.977661 0.000000 0.993840 0.000000 0.110820 0.992930 0.992930 0.992930
7937.726074 0.000000 1680.951294 0.000000 0.999913 0.000000 -0.013219 1.000842 1.000842 1.000842
7955.704102 0.000000 1651.811157 0.000000 0.917143 0.000000 -0.398558 1.026098 1.026098 1.026098
7957.918945 0.000000 1649.554321 0.000000 0.999990 0.000000 -0.004484 1.000286 1.000286 1.000286
7993.993164 0.000000 1674.642700 0.000000 0.936834 0.000000 -0.349776 1.022748 1.022748 1.022748
7938.657715 0.000000 1682.809204 0.000000 0.970921 0.000000 0.239400 0.984610 0.984610 0.984610
8006.330566 0.000000 1650.143677 0.000000 0.999975 0.000000 0.007045 0.498905 0.498905 0.498905
8000.163086 0.000000 1672.793457 0.000000 0.909118 0.000000 0.416538 0.425508 0.425508 0.425508
8006.475098 0.000000 1652.637573 0.000000 0.955812 0.000000 -0.293980 1.018996 1.018996 1.018996
8004.635742 0.000000 1650.449707 0.000000 0.994495 0.000000 -0.104784 1.006683 1.006683 1.006683
7986.842773 0.000000 1712.401245 0.000000 0.990680 0.000000 -0.136207 0.908410 0.908410 0.908410
7947.941895 0.000000 1736.335327 0.000000 0.869241 0.000000 0.494389 0.967078 0.967078 0.967078
7988.463867 0.000000 1709.613037 0.000000 0.873504 0.000000 0.486817 0.410701 0.410701 0.410701
7964.380371 0.000000 1749.381592 0.000000 0.998618 0.000000 -0.052550 0.914897 0.914897 0.914897
7989.428223 0.000000 1712.372437 0.000000 0.973410 0.000000 0.229071 0.985286 0.985286 0.985286
7966.190918 0.000000 1731.585083 0.000000 0.955708 0.000000 -0.294317 1.019018 1.019018 1.019018
7988.078125 0.000000 1711.201904 0.000000 0.930195 0.000000 0.367066 0.976072 0.976072 0.976072
7964.266602 0.000000 1731.898438 0.000000 0.915875 0.000000 0.401463 0.972463 0.972463 0.972463
4286.419434 0.000000 2301.522217 0.000000 0.997037 0.000000 0.076925 0.991522 0.991522 0.991522
4281.910645 0.000000 2307.325928 0.000000 0.984181 0.000000 0.177168 0.468051 0.468051 0.468051
4344.550781 0.000000 2348.718506 0.000000 0.988163 0.000000 -0.153408 0.529473 0.529473 0.529473
4344.742188 0.000000 2345.753174 0.000000 0.966461 0.000000 -0.256814 0.723389 0.723389 0.723389
4337.314941 0.000000 2358.557617 0.000000 0.927804 0.000000 0.373068 0.528441 0.528441 0.528441
4262.893555 0.000000 2391.791016 0.000000 0.945899 0.000000 0.324462 0.439241 0.439241 0.439241
4262.889160 0.000000 2395.783447 0.000000 0.999851 0.000000 -0.017264 1.001797 1.001797 1.001797
4297.400879 0.000000 2388.462891 0.000000 0.992423 0.000000 -0.122867 0.525878 0.525878 0.525878
4318.530273 0.000000 2395.803711 0.000000 0.939776 0.000000 0.341792 0.436907 0.436907 0.436907
4346.511719 0.000000 2392.853760 0.000000 0.999551 0.000000 -0.029952 0.955397 0.955397 0.955397
4288.514160 0.000000 2388.424561 0.000000 0.997430 0.000000 -0.071646 1.004565 1.004565 1.004565
4300.112305 0.000000 2387.250488 0.000000 0.971399 0.000000 -0.237453 1.019572 1.019572 1.019572
4321.448730 0.000000 2395.640625 0.000000 0.993616 0.000000 -0.112814 0.605917 0.605917 0.605917
7892.984863 0.000000 1957.666748 0.000000 0.990907 0.000000 -0.134550 0.678574 0.678574 0.678574
7887.870117 0.000000 1957.291626 0.000000 0.942584 0.000000 0.333968 0.963531 0.963531 0.963531
7942.997070 0.000000 1847.756958 0.000000 0.913246 0.000000 -0.407408 1.026713 1.026713 1.026713
"}
object={
	name="palm_dense_generator_1_2"
	clamp_to_water_level=no
	render_under_water=no
	generated_content=yes
	layer="semidynamic"
	pdxmesh="tree_palm_03_mesh"
	count=180
	transform="937.322754 0.000000 726.088135 0.000000 0.688155 0.000000 -0.725563 1.008434 1.008434 1.008434
939.596497 0.000000 726.354004 0.000000 0.749684 0.000000 -0.661795 1.075291 1.075291 1.075291
936.388245 0.000000 727.814148 0.000000 0.126098 0.000000 -0.992018 1.106662 1.106662 1.106662
979.007568 0.000000 695.890869 0.000000 0.193627 0.000000 -0.981075 1.182404 1.182404 1.182404
946.842590 0.000000 752.166809 0.000000 0.676204 0.000000 -0.736715 1.052725 1.052725 1.052725
930.932556 0.000000 788.373779 0.000000 0.466886 0.000000 -0.884317 0.698693 0.698693 0.698693
929.062500 0.000000 786.370789 0.000000 0.143895 0.000000 -0.989593 0.710994 0.710994 0.710994
946.132324 0.000000 753.718018 0.000000 0.623305 0.000000 -0.781979 1.057158 1.057158 1.057158
1014.816772 0.000000 735.547668 0.000000 0.823338 0.000000 -0.567552 0.625888 0.625888 0.625888
1010.425415 0.000000 736.451233 0.000000 0.829239 0.000000 -0.558895 1.024855 1.024855 1.024855
898.396606 0.000000 792.643372 0.000000 0.683358 0.000000 -0.730083 0.633937 0.633937 0.633937
949.789307 0.000000 834.225037 0.000000 0.115540 0.000000 -0.993303 1.134038 1.134038 1.134038
1136.541992 0.000000 643.913391 0.000000 0.821019 0.000000 -0.570901 0.614906 0.614906 0.614906
8048.205566 0.000000 677.786865 0.000000 0.474145 0.000000 -0.880447 0.699606 0.699606 0.699606
8051.456055 0.000000 671.616394 0.000000 0.506707 0.000000 -0.862118 0.913895 0.913895 0.913895
8061.658691 0.000000 656.643860 0.000000 0.799603 0.000000 -0.600529 0.631469 0.631469 0.631469
8056.315430 0.000000 658.337097 0.000000 0.807655 0.000000 -0.589655 0.676512 0.676512 0.676512
8043.601562 0.000000 674.228210 0.000000 0.137919 0.000000 -0.990444 1.078964 1.078964 1.078964
8049.129395 0.000000 671.734009 0.000000 0.583811 0.000000 -0.811889 0.839664 0.839664 0.839664
8056.630371 0.000000 674.783142 0.000000 0.791422 0.000000 -0.611270 0.762663 0.762663 0.762663
8061.282227 0.000000 665.283325 0.000000 0.420330 0.000000 -0.907371 1.076314 1.076314 1.076314
8083.443848 0.000000 614.763550 0.000000 0.628918 0.000000 -0.777472 0.928188 0.928188 0.928188
8071.671387 0.000000 646.184692 0.000000 0.839933 0.000000 -0.542690 0.621371 0.621371 0.621371
8065.017578 0.000000 648.021179 0.000000 0.694582 0.000000 -0.719413 0.662675 0.662675 0.662675
8085.668945 0.000000 631.117004 0.000000 0.545587 0.000000 -0.838054 0.801306 0.801306 0.801306
8082.190430 0.000000 630.850281 0.000000 0.723159 0.000000 -0.690682 0.625913 0.625913 0.625913
8076.526855 0.000000 644.373962 0.000000 0.299540 0.000000 -0.954084 0.705378 0.705378 0.705378
8081.664551 0.000000 627.984131 0.000000 0.608929 0.000000 -0.793225 0.658150 0.658150 0.658150
8074.704590 0.000000 644.070618 0.000000 0.619906 0.000000 -0.784676 1.061488 1.061488 1.061488
8072.954590 0.000000 645.046143 0.000000 0.252737 0.000000 -0.967535 1.083734 1.083734 1.083734
8054.816895 0.000000 679.063293 0.000000 0.466100 0.000000 -0.884732 0.726508 0.726508 0.726508
7867.981445 0.000000 1015.453613 0.000000 0.416485 0.000000 -0.909143 0.728627 0.728627 0.728627
7871.976562 0.000000 1010.849792 0.000000 0.654242 0.000000 -0.756285 0.695890 0.695890 0.695890
7870.390625 0.000000 1015.994934 0.000000 0.627173 0.000000 -0.778880 0.641741 0.641741 0.641741
7898.074219 0.000000 990.750793 0.000000 0.728214 0.000000 -0.685349 0.650714 0.650714 0.650714
7898.709961 0.000000 997.274292 0.000000 0.804866 0.000000 -0.593456 0.626814 0.626814 0.626814
7883.941895 0.000000 1002.038391 0.000000 0.571327 0.000000 -0.820723 0.664751 0.664751 0.664751
7886.604980 0.000000 1007.811340 0.000000 0.128474 0.000000 -0.991713 1.131350 1.131350 1.131350
7895.935547 0.000000 997.289490 0.000000 0.226986 0.000000 -0.973898 1.152812 1.152812 1.152812
7921.262695 0.000000 1014.795471 0.000000 0.332932 0.000000 -0.942951 0.854960 0.854960 0.854960
7922.394043 0.000000 1012.356140 0.000000 0.679182 0.000000 -0.733970 1.052467 1.052467 1.052467
7877.572266 0.000000 1007.165161 0.000000 0.487577 0.000000 -0.873080 1.142307 1.142307 1.142307
7882.234863 0.000000 1007.680298 0.000000 0.384831 0.000000 -0.922987 1.111838 1.111838 1.111838
7887.799805 0.000000 1003.298218 0.000000 0.863158 0.000000 -0.504934 1.056180 1.056180 1.056180
7925.449707 0.000000 1010.125916 0.000000 0.404473 0.000000 -0.914550 1.102887 1.102887 1.102887
7872.517090 0.000000 1010.011414 0.000000 0.699468 0.000000 -0.714664 1.050775 1.050775 1.050775
7853.516602 0.000000 1031.452026 0.000000 0.761372 0.000000 -0.648315 1.044905 1.044905 1.044905
7848.763184 0.000000 1031.840942 0.000000 0.574862 0.000000 -0.818250 0.764481 0.764481 0.764481
7856.746582 0.000000 1019.956421 0.000000 0.246459 0.000000 -0.969153 0.695517 0.695517 0.695517
7846.337891 0.000000 1030.454956 0.000000 0.521809 0.000000 -0.853063 1.058655 1.058655 1.058655
7855.447754 0.000000 1029.404419 0.000000 0.159549 0.000000 -0.987190 1.176429 1.176429 1.176429
7851.095215 0.000000 1031.037354 0.000000 0.128830 0.000000 -0.991667 1.194399 1.194399 1.194399
7867.529785 0.000000 1017.365723 0.000000 0.185502 0.000000 -0.982644 1.049158 1.049158 1.049158
7851.071777 0.000000 1027.297241 0.000000 0.539752 0.000000 -0.841824 1.135651 1.135651 1.135651
7858.999023 0.000000 1024.061523 0.000000 0.412291 0.000000 -0.911052 1.072946 1.072946 1.072946
7840.594727 0.000000 1036.357178 0.000000 0.684022 0.000000 -0.729462 1.052046 1.052046 1.052046
7909.432617 0.000000 1027.745850 0.000000 0.183788 0.000000 -0.982966 0.726810 0.726810 0.726810
7907.991211 0.000000 1032.445190 0.000000 0.689324 0.000000 -0.724453 0.629561 0.629561 0.629561
7953.360840 0.000000 1062.879150 0.000000 0.010835 0.000000 -0.999941 0.949004 0.949004 0.949004
8182.816895 0.000000 1074.453857 0.000000 0.790625 0.000000 -0.612301 0.956919 0.956919 0.956919
8154.074219 0.000000 1103.719604 0.000000 0.043821 0.000000 -0.999039 1.097209 1.097209 1.097209
8158.060547 0.000000 1121.358032 0.000000 0.733002 0.000000 -0.680227 0.710447 0.710447 0.710447
8145.260254 0.000000 1099.660278 0.000000 0.671108 0.000000 -0.741360 0.642291 0.642291 0.642291
8161.947754 0.000000 1122.676636 0.000000 0.045026 0.000000 -0.998986 1.097133 1.097133 1.097133
8176.580566 0.000000 1103.643921 0.000000 0.673749 0.000000 -0.738960 1.064854 1.064854 1.064854
8161.448730 0.000000 1096.499878 0.000000 0.352973 0.000000 -0.935633 0.970347 0.970347 0.970347
8156.947754 0.000000 1103.274902 0.000000 0.847929 0.000000 -0.530110 0.835832 0.835832 0.835832
8153.283691 0.000000 1094.820923 0.000000 0.119308 0.000000 -0.992857 1.092386 1.092386 1.092386
8149.235840 0.000000 1093.064209 0.000000 0.028139 0.000000 -0.999604 1.098208 1.098208 1.098208
8139.616211 0.000000 1102.544312 0.000000 0.517845 0.000000 -0.855474 1.005834 1.005834 1.005834
8138.329590 0.000000 1097.907715 0.000000 0.653697 0.000000 -0.756756 1.054643 1.054643 1.054643
8146.128418 0.000000 1093.964722 0.000000 0.370834 0.000000 -0.928699 0.806606 0.806606 0.806606
8155.443848 0.000000 1105.468140 0.000000 0.749964 0.000000 -0.661479 1.046014 1.046014 1.046014
8161.049316 0.000000 1074.453369 0.000000 0.627806 0.000000 -0.778370 0.865503 0.865503 0.865503
8185.129395 0.000000 1112.021729 0.000000 0.705975 0.000000 -0.708237 0.882607 0.882607 0.882607
8140.080078 0.000000 1104.491943 0.000000 0.238921 0.000000 -0.971039 1.106548 1.106548 1.106548
8149.452637 0.000000 1095.186035 0.000000 0.256761 0.000000 -0.966475 1.083469 1.083469 1.083469
8140.062012 0.000000 1094.508545 0.000000 0.653854 0.000000 -0.756621 1.111750 1.111750 1.111750
8160.293457 0.000000 1122.210571 0.000000 0.456803 0.000000 -0.889568 1.069799 1.069799 1.069799
8143.824707 0.000000 1096.649780 0.000000 0.846314 0.000000 -0.532684 1.035763 1.035763 1.035763
8141.021484 0.000000 1105.832153 0.000000 0.588523 0.000000 -0.808481 1.075456 1.075456 1.075456
7887.130859 0.000000 1169.059326 0.000000 0.535187 0.000000 -0.844733 0.970329 0.970329 0.970329
7903.758301 0.000000 1159.847168 0.000000 0.074617 0.000000 -0.997212 0.786296 0.786296 0.786296
7889.256836 0.000000 1164.402344 0.000000 0.676232 0.000000 -0.736689 0.646072 0.646072 0.646072
7912.015625 0.000000 1137.316040 0.000000 0.859178 0.000000 -0.511676 0.589174 0.589174 0.589174
7901.237305 0.000000 1163.209717 0.000000 0.195661 0.000000 -0.980672 1.038480 1.038480 1.038480
7914.673340 0.000000 1129.831421 0.000000 0.861653 0.000000 -0.507498 0.586309 0.586309 0.586309
7900.947754 0.000000 1159.759277 0.000000 0.839134 0.000000 -0.543925 1.036613 1.036613 1.036613
7912.756348 0.000000 1135.154053 0.000000 0.363772 0.000000 -0.931488 0.958962 0.958962 0.958962
7743.976562 0.000000 1293.271606 0.000000 0.314090 0.000000 -0.949393 0.794764 0.794764 0.794764
7742.994629 0.000000 1290.280029 0.000000 0.406514 0.000000 -0.913645 0.951454 0.951454 0.951454
7785.563477 0.000000 1269.147217 0.000000 0.259120 0.000000 -0.965845 1.161726 1.161726 1.161726
7774.236816 0.000000 1295.186157 0.000000 0.501119 0.000000 -0.865378 0.721295 0.721295 0.721295
7774.060547 0.000000 1290.811157 0.000000 0.839790 0.000000 -0.542912 0.957526 0.957526 0.957526
7752.908691 0.000000 1288.556274 0.000000 0.300813 0.000000 -0.953683 1.080548 1.080548 1.080548
7772.380371 0.000000 1297.506592 0.000000 0.269985 0.000000 -0.962864 0.865583 0.865583 0.865583
7756.083496 0.000000 1288.170166 0.000000 0.614998 0.000000 -0.788529 0.973287 0.973287 0.973287
7754.235840 0.000000 1286.340454 0.000000 0.328825 0.000000 -0.944391 1.078669 1.078669 1.078669
7775.328613 0.000000 1292.978149 0.000000 0.774820 0.000000 -0.632182 1.043568 1.043568 1.043568
7784.688965 0.000000 1267.056763 0.000000 0.566451 0.000000 -0.824096 1.110707 1.110707 1.110707
7752.076660 0.000000 1286.709595 0.000000 0.489164 0.000000 -0.872192 1.092857 1.092857 1.092857
7745.843750 0.000000 1289.035889 0.000000 0.158383 0.000000 -0.987378 1.089874 1.089874 1.089874
7751.260254 0.000000 1289.260742 0.000000 0.656918 0.000000 -0.753962 1.054372 1.054372 1.054372
7790.203125 0.000000 1266.177612 0.000000 0.506023 0.000000 -0.862520 1.084921 1.084921 1.084921
7754.331055 0.000000 1287.992554 0.000000 0.853286 0.000000 -0.521443 1.034921 1.034921 1.034921
7755.735352 0.000000 1286.709595 0.000000 0.778301 0.000000 -0.627892 1.043216 1.043216 1.043216
7756.552734 0.000000 1325.334717 0.000000 0.789313 0.000000 -0.613991 0.914952 0.914952 0.914952
7749.464844 0.000000 1303.922607 0.000000 0.819737 0.000000 -0.572740 1.064402 1.064402 1.064402
7760.939453 0.000000 1315.069336 0.000000 0.747123 0.000000 -0.664686 1.046287 1.046287 1.046287
7763.894531 0.000000 1306.912354 0.000000 0.132791 0.000000 -0.991144 1.062136 1.062136 1.062136
7760.278320 0.000000 1312.696411 0.000000 0.038560 0.000000 -0.999256 1.097545 1.097545 1.097545
7758.469238 0.000000 1317.799194 0.000000 0.078255 0.000000 -0.996933 1.095013 1.095013 1.095013
8172.194824 0.000000 1311.218018 0.000000 0.303099 0.000000 -0.952959 1.123904 1.123904 1.123904
8171.095215 0.000000 1313.459229 0.000000 0.133703 0.000000 -0.991021 1.034888 1.034888 1.034888
8129.843750 0.000000 1345.520264 0.000000 0.375985 0.000000 -0.926626 1.093216 1.093216 1.093216
8173.674805 0.000000 1312.144043 0.000000 0.857939 0.000000 -0.513751 1.034349 1.034349 1.034349
8172.147461 0.000000 1314.776001 0.000000 0.379007 0.000000 -0.925394 1.075253 1.075253 1.075253
7898.709961 0.000000 1505.633667 0.000000 0.319086 0.000000 -0.947726 0.913099 0.913099 0.913099
7896.572266 0.000000 1508.058105 0.000000 0.513912 0.000000 -0.857843 1.141317 1.141317 1.141317
7892.984863 0.000000 1505.791748 0.000000 0.148870 0.000000 -0.988857 0.821502 0.821502 0.821502
7895.935547 0.000000 1505.648926 0.000000 0.021092 0.000000 -0.999778 1.001576 1.001576 1.001576
7892.821777 0.000000 1499.704712 0.000000 0.251261 0.000000 -0.967919 1.069509 1.069509 1.069509
8088.641113 0.000000 1467.833862 0.000000 0.106176 0.000000 -0.994347 1.093228 1.093228 1.093228
8055.062500 0.000000 1519.611206 0.000000 0.387353 0.000000 -0.921931 1.074678 1.074678 1.074678
8032.618164 0.000000 1528.443726 0.000000 0.057076 0.000000 -0.998370 0.751114 0.751114 0.751114
8073.400879 0.000000 1484.712891 0.000000 0.261626 0.000000 -0.965169 0.729391 0.729391 0.729391
8078.033691 0.000000 1474.484741 0.000000 0.395376 0.000000 -0.918519 1.074123 1.074123 1.074123
8071.699707 0.000000 1484.448608 0.000000 0.591425 0.000000 -0.806360 1.059713 1.059713 1.059713
7810.396484 0.000000 1639.909058 0.000000 0.301253 0.000000 -0.953544 0.712665 0.712665 0.712665
7869.032715 0.000000 1716.719360 0.000000 0.448718 0.000000 -0.893673 0.819205 0.819205 0.819205
7903.758301 0.000000 1724.690918 0.000000 0.497187 0.000000 -0.867643 1.073167 1.073167 1.073167
7906.857422 0.000000 1723.660156 0.000000 0.344305 0.000000 -0.938858 1.077623 1.077623 1.077623
7900.947754 0.000000 1724.603027 0.000000 0.322807 0.000000 -0.946465 0.902484 0.902484 0.902484
7913.128906 0.000000 1715.396973 0.000000 0.225528 0.000000 -0.974237 1.085518 1.085518 1.085518
7908.550293 0.000000 1725.325317 0.000000 0.854601 0.000000 -0.519284 1.034760 1.034760 1.034760
7904.801270 0.000000 1722.846436 0.000000 0.017052 0.000000 -0.999855 1.098914 1.098914 1.098914
7912.688965 0.000000 1718.931763 0.000000 0.467670 0.000000 -0.883903 1.055117 1.055117 1.055117
7862.485352 0.000000 1776.429810 0.000000 0.325868 0.000000 -0.945415 1.078869 1.078869 1.078869
7891.007324 0.000000 1769.093994 0.000000 0.671959 0.000000 -0.740588 0.668328 0.668328 0.668328
7906.015137 0.000000 1771.511108 0.000000 0.689928 0.000000 -0.723878 0.924579 0.924579 0.924579
7895.105957 0.000000 1772.252319 0.000000 0.852022 0.000000 -0.523506 1.035075 1.035075 1.035075
7907.093262 0.000000 1773.391724 0.000000 0.337381 0.000000 -0.941368 1.106989 1.106989 1.106989
8025.661133 0.000000 1584.628662 0.000000 0.768952 0.000000 -0.639306 0.602078 0.602078 0.602078
7994.544434 0.000000 1678.469971 0.000000 0.394964 0.000000 -0.918697 0.726709 0.726709 0.726709
7991.060547 0.000000 1679.646606 0.000000 0.734171 0.000000 -0.678965 0.871161 0.871161 0.871161
7954.190430 0.000000 1647.569092 0.000000 0.207959 0.000000 -0.978138 1.086664 1.086664 1.086664
7937.118652 0.000000 1682.776978 0.000000 0.373576 0.000000 -0.927599 1.075626 1.075626 1.075626
7986.750488 0.000000 1678.600098 0.000000 0.773342 0.000000 -0.633989 1.043717 1.043717 1.043717
7950.777344 0.000000 1658.299072 0.000000 0.198869 0.000000 -0.980026 1.153055 1.153055 1.153055
7955.935547 0.000000 1647.805298 0.000000 0.733662 0.000000 -0.679515 1.047562 1.047562 1.047562
8001.318848 0.000000 1676.935303 0.000000 0.229690 0.000000 -0.973264 0.745207 0.745207 0.745207
8002.822754 0.000000 1672.015015 0.000000 0.677736 0.000000 -0.735305 1.052592 1.052592 1.052592
8000.525879 0.000000 1675.349976 0.000000 0.119166 0.000000 -0.992874 1.092396 1.092396 1.092396
7991.638184 0.000000 1710.274658 0.000000 0.580752 0.000000 -0.814081 1.086936 1.086936 1.086936
7962.709961 0.000000 1731.571167 0.000000 0.756537 0.000000 -0.653951 1.082748 1.082748 1.082748
7990.173828 0.000000 1700.715454 0.000000 0.180183 0.000000 -0.983633 1.088466 1.088466 1.088466
7960.572266 0.000000 1733.995605 0.000000 0.625213 0.000000 -0.780454 0.632447 0.632447 0.632447
7946.235840 0.000000 1738.215454 0.000000 0.641143 0.000000 -0.767422 0.822893 0.822893 0.822893
7964.944336 0.000000 1730.398682 0.000000 0.638062 0.000000 -0.769985 1.058580 1.058580 1.058580
7990.385254 0.000000 1698.440308 0.000000 0.419225 0.000000 -0.907882 1.072460 1.072460 1.072460
7963.673340 0.000000 1747.304565 0.000000 0.844104 0.000000 -0.536180 0.894898 0.894898 0.894898
7990.302246 0.000000 1708.818726 0.000000 0.443025 0.000000 -0.896509 1.115748 1.115748 1.115748
7969.433594 0.000000 1730.334839 0.000000 0.728272 0.000000 -0.685288 1.048065 1.048065 1.048065
7991.353516 0.000000 1701.675049 0.000000 0.432907 0.000000 -0.901439 1.071498 1.071498 1.071498
4286.390625 0.000000 2315.135498 0.000000 0.424810 0.000000 -0.905283 0.671428 0.671428 0.671428
4283.003418 0.000000 2305.384766 0.000000 0.759201 0.000000 -0.650856 0.796023 0.796023 0.796023
4285.535645 0.000000 2313.550537 0.000000 0.607972 0.000000 -0.793959 1.094122 1.094122 1.094122
4296.908691 0.000000 2305.274902 0.000000 0.625484 0.000000 -0.780237 0.663917 0.663917 0.663917
4332.662598 0.000000 2366.439453 0.000000 0.824972 0.000000 -0.565174 0.622137 0.622137 0.622137
4297.641113 0.000000 2369.047119 0.000000 0.733838 0.000000 -0.679324 0.630051 0.630051 0.630051
4227.820801 0.000000 2386.149170 0.000000 0.428590 0.000000 -0.903499 0.676971 0.676971 0.676971
4326.893555 0.000000 2391.791016 0.000000 0.508004 0.000000 -0.861355 0.709502 0.709502 0.709502
4320.449219 0.000000 2398.339111 0.000000 0.180864 0.000000 -0.983508 0.788909 0.788909 0.788909
4329.676758 0.000000 2390.410645 0.000000 0.233564 0.000000 -0.972341 1.102467 1.102467 1.102467
4301.099609 0.000000 2392.120361 0.000000 0.046496 0.000000 -0.998918 0.902079 0.902079 0.902079
4326.337891 0.000000 2386.079834 0.000000 0.296605 0.000000 -0.955000 1.035406 1.035406 1.035406
4324.029297 0.000000 2390.896484 0.000000 0.839330 0.000000 -0.543622 0.809034 0.809034 0.809034
4301.704590 0.000000 2385.170410 0.000000 0.267391 0.000000 -0.963588 1.150702 1.150702 1.150702
7895.371094 0.000000 1963.482666 0.000000 0.464110 0.000000 -0.885778 1.029133 1.029133 1.029133
7896.572266 0.000000 1959.933105 0.000000 0.228474 0.000000 -0.973550 0.737405 0.737405 0.737405
"}
